1
0.000|kb,326966531300920000,6,25,0,0,0,0,1,72057594037943901,2,-0.107,-0.448,2.837,2,-0.113,-0.143,2.902,2,-0.118,0.154,2.955,2,-0.113,0.304,2.959,2,-0.295,0.049,2.918,2,-0.522,-0.065,2.859,2,-0.725,-0.088,2.737,2,-0.858,-0.083,2.652,2,0.067,0.036,2.947,2,0.163,-0.187,2.892,2,0.330,-0.147,2.714,2,0.395,-0.090,2.629,2,-0.174,-0.441,2.789,2,-0.223,-0.907,2.723,2,-0.231,-1.276,2.569,2,-0.239,-1.233,2.462,2,-0.036,-0.444,2.809,2,0.011,-0.915,2.732,2,0.045,-1.311,2.615,2,0.076,-1.276,2.514,2,-0.117,0.081,2.944,2,-0.925,-0.076,2.614,2,-0.800,-0.042,2.579,2,0.411,-0.060,2.562,2,0.430,-0.044,2.589,0
0.100|kb,326966538003100000,6,25,0,0,0,0,1,72057594037943901,2,-0.104,-0.448,2.836,2,-0.109,-0.143,2.902,2,-0.113,0.155,2.955,2,-0.109,0.304,2.958,2,-0.291,0.048,2.918,2,-0.518,-0.066,2.856,2,-0.721,-0.087,2.732,2,-0.851,-0.083,2.650,2,0.071,0.035,2.948,2,0.172,-0.183,2.895,2,0.344,-0.154,2.729,2,0.418,-0.099,2.648,2,-0.171,-0.440,2.788,2,-0.222,-0.907,2.723,2,-0.231,-1.275,2.569,2,-0.239,-1.234,2.462,2,-0.033,-0.444,2.808,2,0.012,-0.916,2.733,2,0.046,-1.308,2.616,2,0.075,-1.275,2.515,2,-0.112,0.081,2.945,2,-0.917,-0.080,2.612,2,-0.798,-0.035,2.576,2,0.440,-0.062,2.572,2,0.433,-0.123,2.650,0
0.169|kb,326966544606430000,6,25,0,0,0,0,1,72057594037943901,2,-0.101,-0.447,2.834,2,-0.106,-0.142,2.902,2,-0.111,0.156,2.955,2,-0.107,0.305,2.957,2,-0.289,0.048,2.918,2,-0.513,-0.067,2.852,2,-0.720,-0.089,2.726,2,-0.844,-0.088,2.648,2,0.074,0.035,2.949,2,0.185,-0.168,2.905,2,0.367,-0.162,2.748,2,0.464,-0.111,2.657,2,-0.169,-0.440,2.786,2,-0.220,-0.908,2.723,2,-0.231,-1.276,2.567,2,-0.239,-1.234,2.460,2,-0.030,-0.443,2.807,2,0.014,-0.913,2.733,2,0.045,-1.306,2.618,2,0.075,-1.273,2.517,2,-0.110,0.082,2.944,2,-0.911,-0.079,2.614,2,-0.788,-0.039,2.588,2,0.506,-0.090,2.583,2,0.459,-0.147,2.641,0
0.234|kb,326966551301420000,6,25,0,0,0,0,1,72057594037943901,2,-0.097,-0.446,2.832,2,-0.103,-0.141,2.900,2,-0.108,0.156,2.955,2,-0.106,0.305,2.957,2,-0.287,0.049,2.918,2,-0.508,-0.070,2.849,2,-0.710,-0.106,2.718,2,-0.828,-0.098,2.651,2,0.076,0.036,2.950,2,0.202,-0.161,2.909,2,0.404,-0.174,2.759,2,0.509,-0.138,2.682,2,-0.167,-0.439,2.784,2,-0.217,-0.910,2.721,2,-0.231,-1.275,2.567,2,-0.238,-1.234,2.460,2,-0.026,-0.441,2.804,2,0.017,-0.912,2.732,2,0.048,-1.307,2.618,2,0.075,-1.274,2.516,2,-0.107,0.083,2.944,2,-0.893,-0.096,2.624,2,-0.793,-0.035,2.563,2,0.550,-0.116,2.599,2,0.513,-0.157,2.636,0
0.310|kb,326966561303360000,6,25,0,0,0,0,1,72057594037943901,2,-0.094,-0.445,2.829,2,-0.101,-0.141,2.899,2,-0.107,0.157,2.954,2,-0.105,0.306,2.957,2,-0.284,0.049,2.916,2,-0.503,-0.076,2.846,2,-0.754,-0.124,2.700,2,-0.832,-0.113,2.660,2,0.077,0.038,2.953,2,0.226,-0.154,2.916,2,0.438,-0.190,2.797,2,0.573,-0.173,2.738,2,-0.164,-0.439,2.782,2,-0.215,-0.909,2.720,2,-0.231,-1.274,2.567,2,-0.236,-1.231,2.459,2,-0.022,-0.439,2.801,2,0.019,-0.910,2.732,2,0.050,-1.309,2.615,2,0.077,-1.277,2.514,2,-0.106,0.083,2.943,2,-0.901,-0.117,2.627,2,-0.803,-0.046,2.602,2,0.619,-0.151,2.641,2,0.591,-0.140,2.746,0
0.385|kb,326966568001770000,6,25,0,0,0,0,1,72057594037943901,2,-0.092,-0.444,2.828,2,-0.100,-0.140,2.898,2,-0.106,0.157,2.953,2,-0.105,0.306,2.957,2,-0.282,0.049,2.916,2,-0.499,-0.078,2.846,2,-0.752,-0.131,2.704,2,-0.827,-0.124,2.675,2,0.078,0.039,2.953,2,0.242,-0.150,2.921,2,0.473,-0.203,2.816,2,0.605,-0.196,2.780,2,-0.162,-0.438,2.780,2,-0.214,-0.908,2.719,2,-0.231,-1.274,2.567,2,-0.238,-1.232,2.459,2,-0.020,-0.438,2.800,2,0.021,-0.910,2.731,2,0.050,-1.308,2.616,2,0.075,-1.275,2.516,2,-0.105,0.083,2.942,2,-0.891,-0.139,2.643,2,-0.818,-0.049,2.614,2,0.656,-0.167,2.696,2,0.623,-0.170,2.781,0
0.468|kb,326966574606960000,6,25,0,0,0,0,1,72057594037943901,2,-0.092,-0.444,2.827,2,-0.099,-0.141,2.897,2,-0.104,0.156,2.953,2,-0.104,0.305,2.956,2,-0.280,0.049,2.916,2,-0.495,-0.079,2.847,2,-0.750,-0.137,2.710,2,-0.824,-0.137,2.686,2,0.080,0.039,2.955,2,0.250,-0.144,2.925,2,0.488,-0.213,2.841,2,0.581,-0.225,2.838,2,-0.162,-0.438,2.779,2,-0.214,-0.908,2.719,2,-0.231,-1.273,2.567,2,-0.237,-1.231,2.459,2,-0.020,-0.438,2.800,2,0.023,-0.912,2.730,2,0.048,-1.307,2.617,2,0.075,-1.276,2.516,2,-0.103,0.083,2.942,2,-0.890,-0.154,2.660,2,-0.818,-0.067,2.636,2,0.649,-0.223,2.823,2,0.634,-0.190,2.812,0
0.528|kb,326966581307420000,6,25,0,0,0,0,1,72057594037943901,2,-0.091,-0.444,2.827,2,-0.098,-0.141,2.897,2,-0.103,0.155,2.953,2,-0.102,0.304,2.956,2,-0.278,0.049,2.916,2,-0.481,-0.077,2.854,2,-0.736,-0.147,2.725,2,-0.818,-0.158,2.692,2,0.081,0.039,2.957,2,0.257,-0.142,2.930,2,0.495,-0.223,2.864,2,0.593,-0.241,2.860,2,-0.161,-0.438,2.779,2,-0.213,-0.908,2.718,2,-0.231,-1.272,2.567,2,-0.237,-1.230,2.459,2,-0.019,-0.438,2.799,2,0.025,-0.914,2.728,2,0.048,-1.306,2.618,2,0.076,-1.274,2.516,2,-0.102,0.082,2.942,2,-0.880,-0.176,2.673,2,-0.806,-0.099,2.636,2,0.660,-0.239,2.842,2,0.650,-0.214,2.842,0
0.598|kb,326966588000250000,6,25,0,0,0,0,1,72057594037943901,2,-0.091,-0.444,2.826,2,-0.097,-0.141,2.897,2,-0.102,0.154,2.953,2,-0.100,0.303,2.955,2,-0.276,0.049,2.916,2,-0.467,-0.077,2.862,2,-0.720,-0.151,2.732,2,-0.815,-0.168,2.688,2,0.082,0.039,2.957,2,0.258,-0.146,2.935,2,0.495,-0.233,2.874,2,0.587,-0.253,2.871,2,-0.161,-0.438,2.778,2,-0.212,-0.908,2.718,2,-0.231,-1.270,2.567,2,-0.238,-1.229,2.460,2,-0.018,-0.439,2.798,2,0.025,-0.911,2.727,2,0.047,-1.306,2.618,2,0.075,-1.274,2.516,2,-0.101,0.081,2.942,2,-0.879,-0.181,2.670,2,-0.802,-0.109,2.616,2,0.656,-0.255,2.856,2,0.642,-0.224,2.848,0
0.676|kb,326966598000750000,6,25,0,0,0,0,1,72057594037943901,2,-0.090,-0.444,2.826,2,-0.096,-0.142,2.897,2,-0.101,0.153,2.954,2,-0.097,0.302,2.957,2,-0.275,0.048,2.916,2,-0.467,-0.079,2.862,2,-0.719,-0.154,2.731,2,-0.816,-0.170,2.683,2,0.084,0.038,2.960,2,0.256,-0.150,2.942,2,0.493,-0.242,2.881,2,0.589,-0.263,2.876,2,-0.160,-0.438,2.778,2,-0.211,-0.910,2.718,2,-0.231,-1.272,2.566,2,-0.238,-1.231,2.459,2,-0.018,-0.439,2.798,2,0.026,-0.909,2.727,2,0.047,-1.305,2.619,2,0.076,-1.274,2.516,2,-0.100,0.080,2.942,2,-0.883,-0.183,2.660,2,-0.802,-0.111,2.608,2,0.654,-0.262,2.848,2,0.627,-0.231,2.847,0
0.745|kb,326966604607160000,6,25,0,0,0,0,1,72057594037943901,2,-0.090,-0.444,2.826,2,-0.096,-0.142,2.897,2,-0.101,0.154,2.955,2,-0.095,0.303,2.958,2,-0.274,0.048,2.916,2,-0.468,-0.081,2.862,2,-0.720,-0.155,2.730,2,-0.815,-0.163,2.679,2,0.085,0.038,2.962,2,0.256,-0.153,2.944,2,0.493,-0.244,2.882,2,0.586,-0.261,2.873,2,-0.160,-0.438,2.777,2,-0.211,-0.910,2.717,2,-0.231,-1.272,2.566,2,-0.237,-1.232,2.460,2,-0.017,-0.439,2.799,2,0.025,-0.907,2.728,2,0.046,-1.304,2.620,2,0.076,-1.272,2.517,2,-0.100,0.081,2.943,2,-0.879,-0.173,2.658,2,-0.797,-0.102,2.600,2,0.652,-0.259,2.846,2,0.598,-0.233,2.833,0
0.823|kb,326966611300830000,6,25,0,0,0,0,1,72057594037943901,2,-0.089,-0.444,2.826,2,-0.095,-0.142,2.898,2,-0.099,0.154,2.957,2,-0.093,0.303,2.962,2,-0.273,0.048,2.917,2,-0.473,-0.084,2.859,2,-0.724,-0.154,2.725,2,-0.819,-0.154,2.671,2,0.085,0.037,2.964,2,0.254,-0.154,2.946,2,0.492,-0.245,2.882,2,0.584,-0.257,2.869,2,-0.159,-0.438,2.778,2,-0.211,-0.910,2.717,2,-0.231,-1.273,2.566,2,-0.238,-1.232,2.459,2,-0.016,-0.439,2.800,2,0.026,-0.908,2.728,2,0.046,-1.305,2.620,2,0.076,-1.274,2.517,2,-0.098,0.081,2.945,2,-0.885,-0.163,2.655,2,-0.803,-0.087,2.586,2,0.652,-0.252,2.841,2,0.632,-0.226,2.837,0
0.890|kb,326966617999760000,6,25,0,0,0,0,1,72057594037943901,2,-0.089,-0.445,2.827,2,-0.094,-0.142,2.899,2,-0.099,0.154,2.958,2,-0.092,0.306,2.967,2,-0.273,0.049,2.918,2,-0.472,-0.082,2.858,2,-0.723,-0.148,2.720,2,-0.821,-0.146,2.664,2,0.085,0.036,2.965,2,0.252,-0.154,2.947,2,0.491,-0.244,2.882,2,0.583,-0.250,2.862,2,-0.159,-0.438,2.778,2,-0.212,-0.911,2.718,2,-0.231,-1.273,2.566,2,-0.238,-1.233,2.460,2,-0.016,-0.440,2.801,2,0.026,-0.909,2.728,2,0.046,-1.305,2.620,2,0.076,-1.274,2.517,2,-0.098,0.081,2.946,2,-0.891,-0.153,2.642,2,-0.792,-0.079,2.588,2,0.650,-0.244,2.831,2,0.628,-0.218,2.828,0
0.946|kb,326966624606150000,6,25,0,0,0,0,1,72057594037943901,2,-0.088,-0.445,2.829,2,-0.094,-0.141,2.902,2,-0.099,0.156,2.962,2,-0.091,0.308,2.974,2,-0.273,0.049,2.918,2,-0.478,-0.082,2.854,2,-0.727,-0.143,2.712,2,-0.819,-0.141,2.658,2,0.084,0.036,2.967,2,0.250,-0.155,2.947,2,0.490,-0.242,2.879,2,0.582,-0.245,2.857,2,-0.159,-0.438,2.780,2,-0.212,-0.912,2.718,2,-0.231,-1.274,2.566,2,-0.238,-1.233,2.460,2,-0.015,-0.440,2.803,2,0.026,-0.910,2.729,2,0.046,-1.304,2.621,2,0.075,-1.273,2.518,2,-0.098,0.083,2.949,2,-0.886,-0.143,2.630,2,-0.788,-0.077,2.583,2,0.648,-0.239,2.819,2,0.576,-0.218,2.816,0
1.024|kb,326966631301560000,6,25,0,0,0,0,1,72057594037943901,2,-0.089,-0.445,2.831,2,-0.094,-0.141,2.904,2,-0.100,0.157,2.963,2,-0.091,0.309,2.977,2,-0.273,0.049,2.918,2,-0.483,-0.082,2.850,2,-0.722,-0.137,2.710,2,-0.819,-0.140,2.653,2,0.084,0.035,2.967,2,0.250,-0.155,2.946,2,0.489,-0.239,2.875,2,0.582,-0.242,2.851,2,-0.159,-0.438,2.782,2,-0.212,-0.912,2.719,2,-0.232,-1.275,2.566,2,-0.238,-1.233,2.459,2,-0.015,-0.440,2.805,2,0.026,-0.911,2.730,2,0.046,-1.305,2.621,2,0.075,-1.274,2.518,2,-0.098,0.083,2.951,2,-0.886,-0.146,2.629,2,-0.790,-0.069,2.571,2,0.645,-0.230,2.814,2,0.594,-0.213,2.817,0
1.100|kb,326966638000280000,6,25,0,0,0,0,1,72057594037943901,2,-0.088,-0.446,2.833,2,-0.095,-0.141,2.906,2,-0.101,0.156,2.965,2,-0.091,0.309,2.979,2,-0.273,0.049,2.919,2,-0.485,-0.083,2.849,2,-0.710,-0.132,2.713,2,-0.816,-0.137,2.648,2,0.084,0.034,2.968,2,0.248,-0.155,2.946,2,0.485,-0.235,2.873,2,0.576,-0.236,2.849,2,-0.160,-0.438,2.784,2,-0.212,-0.913,2.719,2,-0.232,-1.274,2.567,2,-0.237,-1.231,2.460,2,-0.015,-0.441,2.808,2,0.026,-0.910,2.732,2,0.046,-1.304,2.622,2,0.074,-1.274,2.519,2,-0.099,0.083,2.953,2,-0.883,-0.141,2.622,2,-0.785,-0.067,2.562,2,0.640,-0.224,2.817,2,0.564,-0.207,2.806,0
1.172|kb,326966644607670000,6,25,0,0,0,0,1,72057594037943901,2,-0.089,-0.446,2.835,2,-0.095,-0.142,2.907,2,-0.101,0.156,2.966,2,-0.090,0.308,2.979,2,-0.273,0.049,2.920,2,-0.485,-0.083,2.848,2,-0.707,-0.129,2.714,2,-0.816,-0.135,2.647,2,0.084,0.034,2.968,2,0.248,-0.155,2.946,2,0.483,-0.233,2.872,2,0.576,-0.233,2.850,2,-0.160,-0.439,2.785,2,-0.213,-0.912,2.720,2,-0.232,-1.275,2.567,2,-0.238,-1.231,2.460,2,-0.015,-0.441,2.809,2,0.026,-0.909,2.732,2,0.046,-1.306,2.621,2,0.074,-1.275,2.517,2,-0.100,0.082,2.953,2,-0.885,-0.138,2.621,2,-0.787,-0.068,2.569,2,0.641,-0.221,2.823,2,0.564,-0.203,2.806,0
1.245|kb,326966651301790000,6,25,0,0,0,0,1,72057594037943901,2,-0.089,-0.446,2.837,2,-0.095,-0.142,2.909,2,-0.101,0.155,2.967,2,-0.090,0.307,2.980,2,-0.273,0.050,2.921,2,-0.487,-0.083,2.848,2,-0.684,-0.121,2.729,2,-0.822,-0.133,2.650,2,0.083,0.034,2.969,2,0.248,-0.155,2.947,2,0.483,-0.231,2.871,2,0.575,-0.231,2.853,2,-0.161,-0.439,2.787,2,-0.213,-0.915,2.720,2,-0.232,-1.275,2.567,2,-0.238,-1.235,2.462,2,-0.015,-0.442,2.811,2,0.026,-0.910,2.733,2,0.046,-1.306,2.621,2,0.074,-1.275,2.518,2,-0.100,0.082,2.955,2,-0.893,-0.138,2.625,2,-0.791,-0.067,2.581,2,0.642,-0.219,2.823,2,0.627,-0.196,2.818,0
1.314|kb,326966661300210000,6,25,0,0,0,0,1,72057594037943901,2,-0.090,-0.446,2.838,2,-0.096,-0.143,2.910,2,-0.102,0.154,2.969,2,-0.091,0.306,2.981,2,-0.273,0.050,2.922,2,-0.489,-0.082,2.848,2,-0.702,-0.125,2.720,2,-0.822,-0.134,2.647,2,0.082,0.033,2.971,2,0.246,-0.155,2.948,2,0.482,-0.230,2.872,2,0.575,-0.227,2.851,2,-0.161,-0.439,2.788,2,-0.213,-0.914,2.721,2,-0.232,-1.276,2.567,2,-0.238,-1.234,2.461,2,-0.016,-0.442,2.814,2,0.025,-0.910,2.733,2,0.046,-1.304,2.622,2,0.074,-1.273,2.518,2,-0.100,0.081,2.957,2,-0.888,-0.139,2.619,2,-0.789,-0.067,2.574,2,0.640,-0.213,2.821,2,0.613,-0.191,2.811,0
1.379|kb,326966664606790000,6,25,0,0,0,0,1,72057594037943901,2,-0.090,-0.446,2.838,2,-0.096,-0.143,2.910,2,-0.102,0.154,2.969,2,-0.091,0.306,2.980,2,-0.273,0.050,2.922,2,-0.490,-0.083,2.848,2,-0.704,-0.127,2.718,2,-0.822,-0.134,2.643,2,0.082,0.032,2.971,2,0.245,-0.154,2.949,2,0.482,-0.229,2.871,2,0.575,-0.227,2.855,2,-0.161,-0.439,2.788,2,-0.213,-0.914,2.721,2,-0.232,-1.276,2.567,2,-0.234,-1.230,2.459,2,-0.016,-0.442,2.814,2,0.025,-0.910,2.733,2,0.046,-1.306,2.621,2,0.075,-1.274,2.516,2,-0.100,0.081,2.957,2,-0.887,-0.135,2.610,2,-0.792,-0.066,2.576,2,0.641,-0.213,2.823,2,0.578,-0.197,2.815,0
1.444|kb,326966674606800000,6,25,0,0,0,0,1,72057594037943901,2,-0.089,-0.446,2.840,2,-0.096,-0.142,2.912,2,-0.102,0.155,2.971,2,-0.091,0.306,2.981,2,-0.274,0.050,2.924,2,-0.488,-0.081,2.846,2,-0.707,-0.132,2.698,2,-0.809,-0.131,2.622,2,0.081,0.032,2.974,2,0.243,-0.155,2.950,2,0.481,-0.228,2.872,2,0.575,-0.225,2.858,2,-0.161,-0.439,2.789,2,-0.212,-0.913,2.722,2,-0.232,-1.275,2.568,2,-0.233,-1.231,2.459,2,-0.015,-0.442,2.816,2,0.026,-0.911,2.734,2,0.046,-1.304,2.621,2,0.075,-1.274,2.517,2,-0.101,0.082,2.959,2,-0.872,-0.136,2.586,2,-0.779,-0.065,2.557,2,0.639,-0.209,2.816,2,0.553,-0.197,2.814,0
1.506|kb,326966678003230000,6,25,0,0,0,0,1,72057594037943901,2,-0.089,-0.446,2.841,2,-0.096,-0.142,2.913,2,-0.103,0.155,2.972,2,-0.090,0.306,2.982,2,-0.274,0.050,2.924,2,-0.489,-0.082,2.839,2,-0.705,-0.131,2.685,2,-0.803,-0.130,2.604,2,0.081,0.031,2.976,2,0.239,-0.156,2.953,2,0.480,-0.228,2.873,2,0.575,-0.226,2.859,2,-0.161,-0.439,2.789,2,-0.211,-0.913,2.722,2,-0.232,-1.276,2.567,2,-0.237,-1.233,2.459,2,-0.015,-0.442,2.817,2,0.027,-0.914,2.733,2,0.046,-1.305,2.620,2,0.075,-1.275,2.515,2,-0.101,0.082,2.960,2,-0.862,-0.142,2.563,2,-0.769,-0.063,2.544,2,0.638,-0.207,2.809,2,0.561,-0.195,2.812,0
1.584|kb,326966688000000000,6,25,0,0,0,0,1,72057594037943901,2,-0.088,-0.448,2.843,2,-0.096,-0.142,2.915,2,-0.103,0.157,2.974,2,-0.086,0.307,2.986,2,-0.272,0.050,2.922,2,-0.475,-0.074,2.815,2,-0.678,-0.116,2.603,2,-0.763,-0.118,2.528,2,0.081,0.027,2.986,2,0.232,-0.161,2.966,2,0.478,-0.233,2.889,2,0.571,-0.234,2.879,2,-0.160,-0.439,2.790,2,-0.211,-0.912,2.722,2,-0.231,-1.275,2.568,2,-0.237,-1.232,2.460,2,-0.014,-0.445,2.822,2,0.027,-0.915,2.733,2,0.047,-1.305,2.620,2,0.076,-1.274,2.515,2,-0.102,0.083,2.962,2,-0.827,-0.118,2.468,2,-0.715,-0.050,2.466,2,0.634,-0.211,2.822,2,0.541,-0.206,2.840,0
1.668|kb,326966698001900000,6,25,0,0,0,0,1,72057594037943901,2,-0.084,-0.450,2.847,2,-0.094,-0.143,2.918,2,-0.103,0.157,2.976,2,-0.075,0.308,2.993,2,-0.263,0.051,2.913,2,-0.444,-0.063,2.783,2,-0.600,-0.099,2.532,2,-0.677,-0.100,2.430,2,0.081,0.021,3.002,2,0.228,-0.178,2.987,2,0.472,-0.251,2.928,2,0.563,-0.252,2.920,2,-0.156,-0.439,2.790,2,-0.210,-0.905,2.722,2,-0.231,-1.276,2.568,2,-0.238,-1.233,2.460,2,-0.010,-0.450,2.830,2,0.027,-0.918,2.737,2,0.046,-1.308,2.620,2,0.076,-1.274,2.515,2,-0.101,0.083,2.964,2,-0.733,-0.094,2.359,2,-0.623,-0.037,2.364,2,0.626,-0.233,2.866,2,0.561,-0.215,2.862,0
1.746|kb,326966701300230000,6,25,0,0,0,0,1,72057594037943901,2,-0.083,-0.451,2.848,2,-0.093,-0.143,2.919,2,-0.103,0.157,2.976,2,-0.070,0.307,2.995,2,-0.259,0.051,2.908,2,-0.434,-0.062,2.767,2,-0.571,-0.095,2.505,2,-0.642,-0.096,2.393,2,0.080,0.020,3.009,2,0.224,-0.181,2.994,2,0.466,-0.257,2.940,2,0.558,-0.261,2.936,2,-0.154,-0.439,2.790,2,-0.210,-0.903,2.722,2,-0.231,-1.276,2.568,2,-0.238,-1.233,2.460,2,-0.009,-0.452,2.834,2,0.026,-0.924,2.740,2,0.046,-1.309,2.620,2,0.076,-1.275,2.515,2,-0.101,0.083,2.964,2,-0.693,-0.093,2.319,2,-0.578,-0.036,2.356,2,0.622,-0.245,2.887,2,0.571,-0.225,2.871,0
1.806|kb,326966708000120000,6,25,0,0,0,0,1,72057594037943901,2,-0.079,-0.454,2.851,2,-0.091,-0.144,2.920,2,-0.102,0.157,2.977,2,-0.064,0.307,2.998,2,-0.249,0.050,2.895,2,-0.397,-0.050,2.759,2,-0.497,-0.092,2.481,2,-0.554,-0.090,2.343,2,0.081,0.015,3.021,2,0.219,-0.194,3.017,2,0.424,-0.271,2.978,2,0.522,-0.279,2.979,2,-0.148,-0.440,2.790,2,-0.211,-0.903,2.721,2,-0.231,-1.276,2.568,2,-0.238,-1.232,2.460,2,-0.007,-0.457,2.841,2,0.027,-0.926,2.744,2,0.045,-1.310,2.619,2,0.076,-1.274,2.515,2,-0.100,0.083,2.965,2,-0.602,-0.084,2.264,2,-0.491,-0.031,2.323,2,0.592,-0.272,2.966,2,0.588,-0.241,2.945,0
1.869|kb,326966714606610000,6,25,0,0,0,0,1,72057594037943901,2,-0.077,-0.456,2.853,2,-0.089,-0.145,2.922,2,-0.100,0.158,2.978,2,-0.058,0.306,3.002,2,-0.240,0.052,2.884,2,-0.375,-0.039,2.729,2,-0.422,-0.073,2.436,2,-0.467,-0.083,2.302,2,0.080,0.007,3.030,2,0.214,-0.209,3.038,2,0.432,-0.289,3.007,2,0.529,-0.298,3.013,2,-0.144,-0.441,2.788,2,-0.211,-0.905,2.720,2,-0.232,-1.276,2.568,2,-0.236,-1.230,2.458,2,-0.007,-0.461,2.847,2,0.027,-0.931,2.748,2,0.044,-1.314,2.617,2,0.077,-1.276,2.514,2,-0.098,0.083,2.966,2,-0.518,-0.088,2.212,2,-0.400,-0.029,2.282,2,0.596,-0.288,2.988,2,0.597,-0.268,2.960,0
1.935|kb,326966721300590000,6,25,0,0,0,0,1,72057594037943901,2,-0.075,-0.457,2.854,2,-0.088,-0.145,2.923,2,-0.099,0.158,2.978,2,-0.047,0.302,3.004,2,-0.240,0.052,2.885,2,-0.355,-0.028,2.707,2,-0.366,-0.071,2.411,2,-0.388,-0.080,2.274,2,0.076,0.003,3.038,2,0.180,-0.214,3.060,2,0.429,-0.304,3.044,2,0.520,-0.312,3.056,2,-0.141,-0.441,2.786,2,-0.213,-0.910,2.716,2,-0.232,-1.276,2.567,2,-0.238,-1.229,2.457,2,-0.006,-0.462,2.848,2,0.026,-0.937,2.750,2,0.042,-1.313,2.618,2,0.076,-1.275,2.516,2,-0.096,0.083,2.967,2,-0.423,-0.070,2.180,2,-0.338,-0.039,2.259,2,0.584,-0.307,3.032,2,0.587,-0.287,2.993,0
2.002|kb,326966728000570000,6,25,0,0,0,0,1,72057594037943901,2,-0.072,-0.461,2.856,2,-0.086,-0.146,2.923,2,-0.097,0.159,2.978,2,-0.042,0.301,3.006,2,-0.221,0.056,2.866,2,-0.345,-0.006,2.686,2,-0.305,-0.060,2.395,2,-0.313,-0.076,2.261,2,0.074,-0.003,3.049,2,0.164,-0.217,3.076,2,0.431,-0.318,3.081,2,0.519,-0.325,3.097,2,-0.136,-0.444,2.784,2,-0.212,-0.911,2.715,2,-0.232,-1.276,2.567,2,-0.239,-1.228,2.457,2,-0.007,-0.470,2.855,2,0.025,-0.944,2.754,2,0.042,-1.314,2.616,2,0.076,-1.275,2.517,2,-0.094,0.084,2.967,2,-0.342,-0.067,2.156,2,-0.307,-0.052,2.202,2,0.586,-0.311,3.045,2,0.566,-0.301,3.028,0
2.071|kb,326966734608770000,6,25,0,0,0,0,1,72057594037943901,2,-0.070,-0.465,2.856,2,-0.083,-0.147,2.923,2,-0.094,0.162,2.977,2,-0.035,0.299,3.007,2,-0.215,0.056,2.863,2,-0.322,-0.004,2.671,2,-0.244,-0.053,2.387,2,-0.250,-0.072,2.271,2,0.070,-0.006,3.057,2,0.152,-0.221,3.092,2,0.416,-0.329,3.116,2,0.502,-0.340,3.135,2,-0.131,-0.445,2.781,2,-0.212,-0.911,2.713,2,-0.232,-1.276,2.563,2,-0.240,-1.230,2.453,2,-0.006,-0.476,2.859,2,0.024,-0.948,2.756,2,0.042,-1.315,2.614,2,0.075,-1.274,2.519,2,-0.092,0.085,2.966,2,-0.282,-0.067,2.180,2,-0.197,-0.034,2.270,2,0.568,-0.328,3.096,2,0.551,-0.304,3.080,0
2.139|kb,326966741299810000,6,25,0,0,0,0,1,72057594037943901,2,-0.068,-0.468,2.857,2,-0.081,-0.147,2.923,2,-0.092,0.164,2.975,2,-0.031,0.298,3.006,2,-0.209,0.057,2.860,2,-0.306,-0.003,2.663,2,-0.235,-0.052,2.377,2,-0.212,-0.062,2.253,2,0.069,-0.011,3.065,2,0.145,-0.224,3.102,2,0.407,-0.334,3.137,2,0.495,-0.347,3.163,2,-0.126,-0.446,2.778,2,-0.212,-0.914,2.711,2,-0.233,-1.277,2.563,2,-0.238,-1.234,2.453,2,-0.006,-0.480,2.862,2,0.022,-0.951,2.756,2,0.041,-1.314,2.613,2,0.076,-1.275,2.519,2,-0.089,0.087,2.965,2,-0.230,-0.056,2.166,2,-0.156,-0.029,2.271,2,0.556,-0.335,3.131,2,0.562,-0.315,3.103,0
2.202|kb,326966747999940000,6,25,0,0,0,0,1,72057594037943901,2,-0.065,-0.468,2.858,2,-0.079,-0.147,2.923,2,-0.090,0.166,2.974,2,-0.029,0.298,3.006,2,-0.206,0.058,2.857,2,-0.289,-0.003,2.654,2,-0.274,-0.069,2.397,2,-0.192,-0.062,2.256,2,0.067,-0.011,3.068,2,0.142,-0.228,3.109,2,0.402,-0.338,3.152,2,0.492,-0.352,3.183,2,-0.121,-0.447,2.776,2,-0.210,-0.911,2.709,2,-0.233,-1.277,2.561,2,-0.240,-1.233,2.451,2,-0.005,-0.480,2.866,2,0.022,-0.954,2.757,2,0.042,-1.315,2.612,2,0.076,-1.275,2.519,2,-0.088,0.089,2.964,2,-0.213,-0.059,2.167,2,-0.139,-0.028,2.276,2,0.540,-0.347,3.160,2,0.548,-0.332,3.128,0
2.273|kb,326966754606650000,6,25,0,0,0,0,1,72057594037943901,2,-0.063,-0.470,2.858,2,-0.078,-0.147,2.922,2,-0.089,0.168,2.973,2,-0.027,0.299,3.007,2,-0.204,0.059,2.856,2,-0.289,-0.002,2.653,2,-0.275,-0.071,2.402,2,-0.191,-0.062,2.253,2,0.067,-0.013,3.072,2,0.142,-0.232,3.113,2,0.402,-0.340,3.158,2,0.493,-0.352,3.186,2,-0.118,-0.447,2.774,2,-0.210,-0.910,2.708,2,-0.234,-1.278,2.560,2,-0.239,-1.233,2.449,2,-0.004,-0.482,2.866,2,0.023,-0.958,2.756,2,0.052,-1.322,2.603,2,0.076,-1.276,2.518,2,-0.087,0.090,2.963,2,-0.204,-0.053,2.163,2,-0.179,-0.051,2.224,2,0.547,-0.349,3.155,2,0.556,-0.339,3.121,0
2.336|kb,326966764615490000,6,25,0,0,0,0,1,72057594037943901,2,-0.062,-0.472,2.858,2,-0.077,-0.147,2.922,2,-0.089,0.168,2.973,2,-0.025,0.299,3.007,2,-0.203,0.059,2.856,2,-0.291,-0.002,2.654,2,-0.295,-0.072,2.423,2,-0.217,-0.068,2.257,2,0.066,-0.015,3.073,2,0.141,-0.232,3.113,2,0.402,-0.340,3.158,2,0.493,-0.349,3.176,2,-0.117,-0.448,2.774,2,-0.209,-0.909,2.708,2,-0.235,-1.278,2.559,2,-0.239,-1.234,2.447,2,-0.004,-0.483,2.867,2,0.023,-0.959,2.757,2,0.056,-1.323,2.601,2,0.076,-1.276,2.518,2,-0.086,0.090,2.963,2,-0.232,-0.057,2.166,2,-0.164,-0.035,2.277,2,0.540,-0.346,3.157,2,0.543,-0.316,3.143,0
2.411|kb,326966771300840000,6,25,0,0,0,0,1,72057594037943901,2,-0.062,-0.472,2.857,2,-0.077,-0.147,2.922,2,-0.089,0.168,2.973,2,-0.025,0.299,3.006,2,-0.203,0.059,2.856,2,-0.296,-0.003,2.657,2,-0.313,-0.070,2.426,2,-0.245,-0.074,2.268,2,0.066,-0.015,3.073,2,0.141,-0.231,3.112,2,0.405,-0.337,3.147,2,0.495,-0.341,3.152,2,-0.117,-0.448,2.774,2,-0.209,-0.909,2.709,2,-0.235,-1.276,2.560,2,-0.234,-1.230,2.451,2,-0.004,-0.483,2.866,2,0.023,-0.960,2.758,2,0.050,-1.311,2.611,2,0.076,-1.276,2.518,2,-0.086,0.090,2.963,2,-0.274,-0.071,2.179,2,-0.188,-0.035,2.274,2,0.556,-0.335,3.132,2,0.518,-0.315,3.112,0
2.511|kb,326966781301670000,6,25,0,0,0,0,1,72057594037943901,2,-0.063,-0.470,2.857,2,-0.077,-0.147,2.922,2,-0.089,0.168,2.973,2,-0.026,0.300,3.006,2,-0.205,0.058,2.857,2,-0.326,0.001,2.672,2,-0.275,-0.055,2.383,2,-0.297,-0.075,2.276,2,0.067,-0.011,3.069,2,0.148,-0.224,3.098,2,0.417,-0.323,3.103,2,0.508,-0.324,3.100,2,-0.118,-0.447,2.774,2,-0.210,-0.911,2.709,2,-0.234,-1.274,2.561,2,-0.238,-1.231,2.448,2,-0.005,-0.478,2.862,2,0.024,-0.959,2.757,2,0.050,-1.320,2.606,2,0.076,-1.277,2.518,2,-0.086,0.090,2.963,2,-0.325,-0.067,2.166,2,-0.238,-0.033,2.267,2,0.573,-0.315,3.071,2,0.578,-0.310,3.032,0
2.577|kb,326966788002970000,6,25,0,0,0,0,1,72057594037943901,2,-0.064,-0.469,2.856,2,-0.077,-0.147,2.922,2,-0.090,0.166,2.974,2,-0.029,0.300,3.004,2,-0.210,0.056,2.859,2,-0.350,-0.033,2.708,2,-0.336,-0.069,2.411,2,-0.354,-0.074,2.275,2,0.070,-0.007,3.061,2,0.163,-0.223,3.079,2,0.428,-0.313,3.065,2,0.517,-0.310,3.051,2,-0.122,-0.447,2.775,2,-0.212,-0.911,2.708,2,-0.234,-1.275,2.561,2,-0.239,-1.234,2.449,2,-0.005,-0.478,2.860,2,0.024,-0.955,2.756,2,0.048,-1.316,2.608,2,0.077,-1.278,2.517,2,-0.087,0.089,2.964,2,-0.386,-0.068,2.166,2,-0.291,-0.030,2.288,2,0.582,-0.299,3.018,2,0.584,-0.298,2.979,0
2.643|kb,326966794607060000,6,25,0,0,0,0,1,72057594037943901,2,-0.066,-0.467,2.854,2,-0.078,-0.148,2.922,2,-0.091,0.162,2.976,2,-0.035,0.300,3.003,2,-0.216,0.054,2.861,2,-0.358,-0.033,2.711,2,-0.375,-0.072,2.415,2,-0.411,-0.076,2.292,2,0.075,-0.004,3.053,2,0.175,-0.215,3.061,2,0.439,-0.297,3.010,2,0.526,-0.293,2.991,2,-0.126,-0.445,2.775,2,-0.212,-0.909,2.709,2,-0.235,-1.275,2.561,2,-0.238,-1.235,2.448,2,-0.005,-0.475,2.857,2,0.027,-0.937,2.752,2,0.048,-1.311,2.609,2,0.076,-1.276,2.519,2,-0.088,0.086,2.965,2,-0.453,-0.073,2.182,2,-0.346,-0.025,2.276,2,0.589,-0.281,2.953,2,0.493,-0.263,2.947,0
2.723|kb,326966801300010000,6,25,0,0,0,0,1,72057594037943901,2,-0.068,-0.464,2.852,2,-0.080,-0.148,2.922,2,-0.093,0.159,2.978,2,-0.042,0.300,3.002,2,-0.221,0.053,2.868,2,-0.374,-0.040,2.734,2,-0.428,-0.075,2.442,2,-0.476,-0.082,2.324,2,0.079,0.001,3.043,2,0.207,-0.214,3.031,2,0.446,-0.281,2.958,2,0.533,-0.276,2.930,2,-0.131,-0.443,2.776,2,-0.213,-0.912,2.712,2,-0.234,-1.275,2.562,2,-0.241,-1.233,2.449,2,-0.005,-0.471,2.851,2,0.027,-0.932,2.752,2,0.047,-1.311,2.612,2,0.076,-1.277,2.518,2,-0.090,0.084,2.966,2,-0.520,-0.077,2.233,2,-0.408,-0.031,2.296,2,0.595,-0.257,2.863,2,0.519,-0.248,2.882,0
2.789|kb,326966808000210000,6,25,0,0,0,0,1,72057594037943901,2,-0.071,-0.462,2.851,2,-0.082,-0.148,2.923,2,-0.095,0.157,2.980,2,-0.048,0.302,3.000,2,-0.227,0.052,2.876,2,-0.389,-0.052,2.765,2,-0.485,-0.086,2.485,2,-0.542,-0.090,2.363,2,0.083,0.006,3.028,2,0.213,-0.205,3.000,2,0.462,-0.264,2.885,2,0.553,-0.254,2.848,2,-0.136,-0.442,2.780,2,-0.213,-0.909,2.714,2,-0.234,-1.276,2.562,2,-0.239,-1.237,2.449,2,-0.006,-0.467,2.845,2,0.026,-0.924,2.748,2,0.047,-1.310,2.613,2,0.078,-1.277,2.515,2,-0.092,0.082,2.968,2,-0.594,-0.081,2.272,2,-0.469,-0.034,2.320,2,0.598,-0.233,2.763,2,0.509,-0.232,2.826,0
2.862|kb,326966818003020000,6,25,0,0,0,0,1,72057594037943901,2,-0.078,-0.457,2.847,2,-0.087,-0.148,2.922,2,-0.097,0.155,2.983,2,-0.063,0.303,2.996,2,-0.243,0.048,2.898,2,-0.426,-0.074,2.806,2,-0.575,-0.108,2.553,2,-0.645,-0.111,2.455,2,0.084,0.014,3.006,2,0.209,-0.180,2.953,2,0.430,-0.238,2.796,2,0.534,-0.224,2.729,2,-0.149,-0.442,2.784,2,-0.215,-0.907,2.717,2,-0.234,-1.274,2.566,2,-0.238,-1.235,2.453,2,-0.009,-0.458,2.832,2,0.027,-0.917,2.742,2,0.047,-1.307,2.615,2,0.078,-1.277,2.515,2,-0.095,0.080,2.970,2,-0.707,-0.104,2.379,2,-0.580,-0.054,2.406,2,0.574,-0.197,2.650,2,0.545,-0.233,2.733,0
2.948|kb,326966824607050000,6,25,0,0,0,0,1,72057594037943901,2,-0.085,-0.454,2.846,2,-0.089,-0.147,2.923,2,-0.098,0.154,2.985,2,-0.074,0.304,2.996,2,-0.268,0.042,2.935,2,-0.451,-0.092,2.843,2,-0.638,-0.137,2.618,2,-0.715,-0.129,2.524,2,0.082,0.019,2.988,2,0.207,-0.162,2.914,2,0.410,-0.226,2.755,2,0.507,-0.207,2.658,2,-0.158,-0.441,2.790,2,-0.216,-0.905,2.719,2,-0.234,-1.276,2.566,2,-0.238,-1.236,2.452,2,-0.013,-0.452,2.825,2,0.026,-0.914,2.737,2,0.047,-1.305,2.617,2,0.077,-1.277,2.514,2,-0.095,0.080,2.971,2,-0.778,-0.127,2.449,2,-0.651,-0.073,2.473,2,0.550,-0.175,2.572,2,0.520,-0.223,2.655,0
3.023|kb,326966831300290000,6,25,0,0,0,0,1,72057594037943901,2,-0.091,-0.451,2.844,2,-0.093,-0.146,2.923,2,-0.098,0.153,2.986,2,-0.085,0.305,2.995,2,-0.275,0.037,2.951,2,-0.462,-0.103,2.890,2,-0.675,-0.149,2.693,2,-0.766,-0.150,2.615,2,0.079,0.023,2.971,2,0.197,-0.144,2.891,2,0.376,-0.212,2.710,2,0.480,-0.185,2.586,2,-0.165,-0.442,2.793,2,-0.215,-0.904,2.722,2,-0.232,-1.278,2.566,2,-0.239,-1.234,2.451,2,-0.018,-0.446,2.816,2,0.025,-0.907,2.731,2,0.046,-1.302,2.619,2,0.078,-1.277,2.513,2,-0.097,0.079,2.972,2,-0.834,-0.153,2.553,2,-0.708,-0.095,2.553,2,0.518,-0.169,2.508,2,0.503,-0.190,2.523,0
3.094|kb,326966838000000000,6,25,0,0,0,0,1,72057594037943901,2,-0.098,-0.450,2.842,2,-0.097,-0.146,2.922,2,-0.099,0.153,2.986,2,-0.096,0.305,2.994,2,-0.280,0.033,2.967,2,-0.472,-0.117,2.925,2,-0.709,-0.172,2.766,2,-0.801,-0.171,2.704,2,0.077,0.027,2.955,2,0.188,-0.140,2.861,2,0.361,-0.195,2.646,2,0.445,-0.164,2.520,2,-0.172,-0.443,2.799,2,-0.215,-0.903,2.723,2,-0.232,-1.280,2.564,2,-0.239,-1.237,2.451,2,-0.024,-0.443,2.808,2,0.024,-0.905,2.728,2,0.046,-1.301,2.620,2,0.078,-1.277,2.512,2,-0.098,0.079,2.972,2,-0.870,-0.177,2.662,2,-0.752,-0.115,2.629,2,0.478,-0.138,2.448,2,0.450,-0.195,2.521,0
3.171|kb,326966848001010000,6,25,0,0,0,0,1,72057594037943901,2,-0.107,-0.450,2.841,2,-0.102,-0.147,2.921,2,-0.100,0.152,2.986,2,-0.109,0.305,2.991,2,-0.284,0.028,2.988,2,-0.486,-0.140,2.977,2,-0.706,-0.201,2.889,2,-0.806,-0.207,2.847,2,0.069,0.031,2.934,2,0.181,-0.132,2.813,2,0.333,-0.177,2.571,2,0.388,-0.138,2.443,2,-0.182,-0.447,2.807,2,-0.216,-0.903,2.727,2,-0.231,-1.284,2.563,2,-0.239,-1.239,2.449,2,-0.033,-0.441,2.798,2,0.019,-0.917,2.722,2,0.046,-1.300,2.621,2,0.078,-1.278,2.511,2,-0.100,0.078,2.973,2,-0.873,-0.225,2.835,2,-0.793,-0.153,2.782,2,0.420,-0.138,2.383,2,0.403,-0.170,2.424,0
3.248|kb,326966854606870000,6,25,0,0,0,0,1,72057594037943901,2,-0.112,-0.452,2.840,2,-0.105,-0.148,2.921,2,-0.101,0.151,2.986,2,-0.118,0.304,2.990,2,-0.287,0.023,3.002,2,-0.482,-0.153,3.010,2,-0.746,-0.227,2.928,2,-0.836,-0.228,2.908,2,0.063,0.033,2.921,2,0.174,-0.129,2.791,2,0.270,-0.170,2.591,2,0.350,-0.126,2.411,2,-0.186,-0.450,2.810,2,-0.217,-0.905,2.730,2,-0.231,-1.285,2.563,2,-0.240,-1.238,2.450,2,-0.038,-0.443,2.793,2,0.019,-0.918,2.721,2,0.046,-1.301,2.620,2,0.077,-1.278,2.512,2,-0.101,0.077,2.972,2,-0.906,-0.241,2.896,2,-0.810,-0.167,2.834,2,0.359,-0.103,2.358,2,0.349,-0.168,2.416,0
3.338|kb,326966864608150000,6,25,0,0,0,0,1,72057594037943901,2,-0.117,-0.454,2.840,2,-0.109,-0.149,2.920,2,-0.102,0.150,2.985,2,-0.127,0.302,2.990,2,-0.289,0.020,3.015,2,-0.476,-0.164,3.038,2,-0.736,-0.243,2.979,2,-0.831,-0.258,2.979,2,0.055,0.036,2.907,2,0.159,-0.119,2.773,2,0.270,-0.152,2.500,2,0.305,-0.107,2.373,2,-0.190,-0.454,2.815,2,-0.218,-0.908,2.731,2,-0.230,-1.287,2.562,2,-0.240,-1.239,2.449,2,-0.045,-0.443,2.788,2,0.016,-0.918,2.718,2,0.048,-1.299,2.618,2,0.075,-1.279,2.510,2,-0.103,0.076,2.971,2,-0.910,-0.274,2.987,2,-0.819,-0.203,2.907,2,0.321,-0.079,2.330,2,0.343,-0.109,2.342,0
3.420|kb,326966871300040000,6,25,0,0,0,0,1,72057594037943901,2,-0.121,-0.455,2.839,2,-0.112,-0.150,2.918,2,-0.104,0.149,2.984,2,-0.133,0.302,2.989,2,-0.290,0.019,3.018,2,-0.472,-0.165,3.044,2,-0.737,-0.252,2.995,2,-0.833,-0.273,3.001,2,0.050,0.038,2.900,2,0.151,-0.112,2.765,2,0.249,-0.144,2.486,2,0.284,-0.099,2.356,2,-0.193,-0.456,2.817,2,-0.219,-0.908,2.731,2,-0.229,-1.286,2.563,2,-0.240,-1.240,2.451,2,-0.049,-0.443,2.784,2,0.014,-0.915,2.715,2,0.049,-1.298,2.618,2,0.076,-1.279,2.510,2,-0.105,0.075,2.970,2,-0.905,-0.295,3.009,2,-0.820,-0.212,2.924,2,0.272,-0.067,2.316,2,0.304,-0.137,2.349,0
3.488|kb,326966878000050000,6,25,0,0,0,0,1,72057594037943901,2,-0.123,-0.456,2.838,2,-0.115,-0.151,2.917,2,-0.106,0.148,2.983,2,-0.137,0.301,2.989,2,-0.292,0.018,3.021,2,-0.469,-0.167,3.046,2,-0.668,-0.246,3.014,2,-0.768,-0.270,3.000,2,0.047,0.038,2.897,2,0.146,-0.109,2.762,2,0.245,-0.140,2.484,2,0.270,-0.094,2.352,2,-0.194,-0.457,2.818,2,-0.220,-0.908,2.731,2,-0.229,-1.286,2.562,2,-0.237,-1.237,2.449,2,-0.051,-0.443,2.781,2,0.013,-0.916,2.713,2,0.049,-1.299,2.618,2,0.077,-1.279,2.509,2,-0.108,0.074,2.969,2,-0.840,-0.307,3.014,2,-0.793,-0.242,2.950,2,0.261,-0.068,2.313,2,0.291,-0.089,2.308,0
3.563|kb,326966888011180000,6,25,0,0,0,0,1,72057594037943901,2,-0.127,-0.456,2.837,2,-0.119,-0.151,2.916,2,-0.110,0.147,2.982,2,-0.142,0.301,2.988,2,-0.296,0.017,3.022,2,-0.470,-0.168,3.045,2,-0.668,-0.245,3.010,2,-0.766,-0.266,2.982,2,0.043,0.039,2.896,2,0.142,-0.108,2.761,2,0.241,-0.137,2.483,2,0.273,-0.090,2.355,2,-0.197,-0.458,2.818,2,-0.224,-0.922,2.731,2,-0.229,-1.289,2.561,2,-0.240,-1.240,2.448,2,-0.054,-0.443,2.780,2,0.011,-0.913,2.711,2,0.048,-1.300,2.618,2,0.076,-1.279,2.509,2,-0.112,0.073,2.968,2,-0.840,-0.298,2.985,2,-0.795,-0.244,2.932,2,0.261,-0.064,2.317,2,0.295,-0.131,2.348,0
3.663|kb,326966898000880000,6,25,0,0,0,0,1,72057594037943901,2,-0.131,-0.457,2.834,2,-0.125,-0.151,2.914,2,-0.120,0.147,2.980,2,-0.150,0.302,2.985,2,-0.305,0.016,3.016,2,-0.478,-0.168,3.028,2,-0.728,-0.251,2.962,2,-0.827,-0.262,2.931,2,0.039,0.038,2.896,2,0.140,-0.109,2.760,2,0.245,-0.149,2.511,2,0.284,-0.090,2.366,2,-0.202,-0.459,2.815,2,-0.226,-0.918,2.731,2,-0.229,-1.290,2.558,2,-0.240,-1.239,2.444,2,-0.057,-0.443,2.778,2,0.009,-0.912,2.710,2,0.048,-1.304,2.614,2,0.076,-1.280,2.509,2,-0.121,0.073,2.966,2,-0.896,-0.292,2.941,2,-0.828,-0.208,2.865,2,0.274,-0.060,2.328,2,0.305,-0.132,2.363,0
3.757|kb,326966908001160000,6,25,0,0,0,0,1,72057594037943901,2,-0.137,-0.456,2.831,2,-0.135,-0.150,2.910,2,-0.133,0.150,2.974,2,-0.159,0.304,2.982,2,-0.317,0.018,3.003,2,-0.491,-0.163,3.001,2,-0.724,-0.238,2.913,2,-0.817,-0.248,2.867,2,0.032,0.039,2.897,2,0.139,-0.112,2.765,2,0.240,-0.159,2.569,2,0.307,-0.104,2.397,2,-0.209,-0.457,2.809,2,-0.230,-0.914,2.728,2,-0.229,-1.290,2.557,2,-0.241,-1.239,2.442,2,-0.061,-0.442,2.776,2,0.007,-0.906,2.709,2,0.047,-1.302,2.616,2,0.075,-1.278,2.510,2,-0.134,0.076,2.961,2,-0.880,-0.271,2.859,2,-0.819,-0.209,2.809,2,0.307,-0.079,2.350,2,0.331,-0.137,2.379,0
3.857|kb,326966918001260000,6,25,0,0,0,0,1,72057594037943901,2,-0.143,-0.454,2.826,2,-0.149,-0.147,2.904,2,-0.155,0.152,2.968,2,-0.170,0.307,2.977,2,-0.333,0.022,2.980,2,-0.511,-0.161,2.956,2,-0.757,-0.235,2.823,2,-0.861,-0.247,2.775,2,0.021,0.041,2.903,2,0.130,-0.112,2.787,2,0.286,-0.147,2.540,2,0.329,-0.107,2.431,2,-0.218,-0.454,2.800,2,-0.239,-0.906,2.723,2,-0.229,-1.289,2.559,2,-0.242,-1.241,2.444,2,-0.066,-0.441,2.774,2,0.005,-0.900,2.707,2,0.046,-1.302,2.617,2,0.074,-1.276,2.510,2,-0.154,0.078,2.955,2,-0.927,-0.258,2.749,2,-0.825,-0.182,2.694,2,0.335,-0.088,2.381,2,0.352,-0.131,2.400,0
3.936|kb,326966924606510000,6,25,0,0,0,0,1,72057594037943901,2,-0.148,-0.452,2.822,2,-0.159,-0.146,2.899,2,-0.171,0.152,2.962,2,-0.180,0.308,2.970,2,-0.343,0.027,2.965,2,-0.520,-0.158,2.939,2,-0.745,-0.229,2.794,2,-0.863,-0.238,2.713,2,0.012,0.042,2.908,2,0.124,-0.114,2.799,2,0.256,-0.165,2.624,2,0.346,-0.121,2.467,2,-0.223,-0.452,2.793,2,-0.245,-0.900,2.723,2,-0.227,-1.282,2.567,2,-0.242,-1.237,2.451,2,-0.069,-0.440,2.774,2,0.002,-0.893,2.701,2,0.048,-1.301,2.615,2,0.073,-1.273,2.513,2,-0.168,0.078,2.949,2,-0.931,-0.250,2.676,2,-0.812,-0.179,2.640,2,0.379,-0.108,2.410,2,0.371,-0.127,2.433,0
4.008|kb,326966934610230000,6,25,0,0,0,0,1,72057594037943901,2,-0.156,-0.451,2.816,2,-0.175,-0.145,2.889,2,-0.194,0.154,2.949,2,-0.194,0.310,2.957,2,-0.362,0.033,2.936,2,-0.526,-0.138,2.896,2,-0.736,-0.208,2.708,2,-0.852,-0.225,2.621,2,-0.003,0.041,2.913,2,0.115,-0.123,2.817,2,0.304,-0.159,2.597,2,0.369,-0.130,2.519,2,-0.233,-0.450,2.777,2,-0.254,-0.892,2.720,2,-0.227,-1.281,2.570,2,-0.242,-1.241,2.453,2,-0.076,-0.439,2.775,2,0.001,-0.865,2.666,2,0.051,-1.295,2.609,2,0.074,-1.273,2.511,2,-0.189,0.080,2.937,2,-0.917,-0.237,2.579,2,-0.805,-0.166,2.548,2,0.403,-0.105,2.465,2,0.389,-0.139,2.478,0
4.106|kb,326966944610650000,6,25,0,0,0,0,1,72057594037943901,2,-0.163,-0.449,2.812,2,-0.188,-0.143,2.880,2,-0.211,0.156,2.933,2,-0.206,0.311,2.938,2,-0.377,0.039,2.905,2,-0.560,-0.129,2.823,2,-0.754,-0.203,2.620,2,-0.840,-0.208,2.527,2,-0.017,0.042,2.918,2,0.101,-0.129,2.842,2,0.311,-0.170,2.642,2,0.383,-0.150,2.576,2,-0.240,-0.446,2.768,2,-0.259,-0.888,2.719,2,-0.227,-1.279,2.573,2,-0.245,-1.237,2.453,2,-0.083,-0.439,2.778,2,0.005,-0.822,2.614,2,0.053,-1.273,2.587,2,0.081,-1.263,2.491,2,-0.206,0.082,2.922,2,-0.902,-0.217,2.461,2,-0.780,-0.150,2.459,2,0.426,-0.119,2.501,2,0.383,-0.187,2.578,0
4.206|kb,326966958000630000,6,25,0,0,0,0,1,72057594037943901,2,-0.170,-0.446,2.806,2,-0.197,-0.139,2.867,2,-0.223,0.160,2.914,2,-0.208,0.316,2.913,2,-0.382,0.047,2.863,2,-0.551,-0.110,2.766,2,-0.710,-0.169,2.528,2,-0.789,-0.179,2.419,2,-0.027,0.045,2.921,2,0.097,-0.140,2.859,2,0.298,-0.198,2.722,2,0.400,-0.175,2.639,2,-0.246,-0.442,2.752,2,-0.262,-0.886,2.713,2,-0.230,-1.275,2.575,2,-0.245,-1.236,2.453,2,-0.089,-0.437,2.780,2,0.005,-0.808,2.578,2,0.027,-1.247,2.507,2,0.048,-1.222,2.404,2,-0.217,0.086,2.905,2,-0.845,-0.188,2.343,2,-0.729,-0.133,2.386,2,0.444,-0.147,2.556,2,0.407,-0.196,2.643,0
4.297|kb,326966968010030000,6,25,0,0,0,0,1,72057594037943901,2,-0.170,-0.441,2.794,2,-0.196,-0.134,2.851,2,-0.221,0.167,2.893,2,-0.199,0.324,2.894,2,-0.377,0.057,2.837,2,-0.533,-0.089,2.735,2,-0.672,-0.147,2.484,2,-0.747,-0.158,2.359,2,-0.029,0.047,2.918,2,0.097,-0.145,2.864,2,0.337,-0.198,2.710,2,0.413,-0.188,2.664,2,-0.245,-0.435,2.736,2,-0.261,-0.886,2.706,2,-0.232,-1.277,2.568,2,-0.246,-1.238,2.445,2,-0.090,-0.436,2.775,2,-0.005,-0.832,2.554,2,0.011,-1.222,2.417,2,0.032,-1.188,2.309,2,-0.215,0.092,2.885,2,-0.801,-0.162,2.268,2,-0.685,-0.109,2.311,2,0.454,-0.159,2.584,2,0.425,-0.203,2.668,0
4.381|kb,326966974608330000,6,25,0,0,0,0,1,72057594037943901,2,-0.167,-0.439,2.781,2,-0.191,-0.129,2.834,2,-0.213,0.174,2.874,2,-0.188,0.328,2.878,2,-0.366,0.063,2.816,2,-0.519,-0.081,2.715,2,-0.650,-0.136,2.460,2,-0.724,-0.148,2.325,2,-0.024,0.047,2.908,2,0.100,-0.147,2.861,2,0.330,-0.210,2.724,2,0.427,-0.194,2.668,2,-0.241,-0.431,2.721,2,-0.259,-0.884,2.697,2,-0.233,-1.276,2.565,2,-0.246,-1.237,2.441,2,-0.089,-0.435,2.765,2,-0.010,-0.843,2.545,2,0.016,-1.207,2.360,2,0.026,-1.170,2.269,2,-0.208,0.099,2.866,2,-0.771,-0.157,2.244,2,-0.657,-0.096,2.282,2,0.472,-0.162,2.579,2,0.438,-0.203,2.673,0
4.462|kb,326966984618490000,6,25,0,0,0,0,1,72057594037943901,2,-0.156,-0.437,2.754,2,-0.174,-0.125,2.810,2,-0.191,0.180,2.851,2,-0.162,0.335,2.856,2,-0.346,0.069,2.790,2,-0.496,-0.070,2.688,2,-0.618,-0.120,2.427,2,-0.693,-0.135,2.293,2,-0.006,0.047,2.885,2,0.117,-0.153,2.846,2,0.355,-0.215,2.713,2,0.449,-0.204,2.661,2,-0.230,-0.425,2.693,2,-0.256,-0.875,2.680,2,-0.234,-1.269,2.568,2,-0.244,-1.236,2.440,2,-0.079,-0.436,2.740,2,-0.011,-0.864,2.518,2,0.013,-1.199,2.317,2,0.027,-1.157,2.237,2,-0.187,0.105,2.843,2,-0.743,-0.138,2.202,2,-0.625,-0.082,2.249,2,0.496,-0.178,2.579,2,0.460,-0.214,2.667,0
4.562|kb,326966994608130000,6,25,0,0,0,0,1,72057594037943901,2,-0.138,-0.434,2.719,2,-0.150,-0.122,2.781,2,-0.159,0.183,2.828,2,-0.122,0.340,2.835,2,-0.314,0.075,2.763,2,-0.468,-0.059,2.658,2,-0.595,-0.110,2.400,2,-0.668,-0.122,2.268,2,0.025,0.043,2.860,2,0.143,-0.162,2.820,2,0.369,-0.224,2.698,2,0.470,-0.214,2.640,2,-0.211,-0.419,2.657,2,-0.248,-0.871,2.658,2,-0.236,-1.260,2.567,2,-0.244,-1.236,2.434,2,-0.062,-0.437,2.705,2,-0.008,-0.861,2.493,2,0.009,-1.199,2.297,2,0.023,-1.164,2.222,2,-0.157,0.108,2.819,2,-0.715,-0.128,2.190,2,-0.597,-0.073,2.232,2,0.525,-0.188,2.557,2,0.490,-0.223,2.644,0
4.638|kb,326967001301740000,6,25,0,0,0,0,1,72057594037943901,2,-0.125,-0.426,2.698,2,-0.129,-0.113,2.763,2,-0.131,0.192,2.813,2,-0.091,0.347,2.822,2,-0.291,0.085,2.749,2,-0.449,-0.051,2.643,2,-0.572,-0.101,2.384,2,-0.649,-0.109,2.260,2,0.051,0.047,2.844,2,0.168,-0.163,2.799,2,0.390,-0.229,2.678,2,0.491,-0.221,2.622,2,-0.198,-0.411,2.638,2,-0.238,-0.864,2.638,2,-0.236,-1.251,2.567,2,-0.244,-1.235,2.431,2,-0.049,-0.430,2.683,2,0.000,-0.846,2.478,2,0.009,-1.201,2.291,2,0.025,-1.166,2.216,2,-0.131,0.117,2.803,2,-0.697,-0.123,2.176,2,-0.576,-0.052,2.208,2,0.541,-0.195,2.546,2,0.505,-0.232,2.626,0
4.724|kb,326967011300510000,6,25,0,0,0,0,1,72057594037943901,2,-0.103,-0.409,2.667,2,-0.095,-0.098,2.736,2,-0.085,0.205,2.790,2,-0.039,0.358,2.805,2,-0.247,0.105,2.727,2,-0.416,-0.032,2.622,2,-0.554,-0.084,2.371,2,-0.623,-0.084,2.252,2,0.090,0.055,2.816,2,0.203,-0.164,2.771,2,0.418,-0.232,2.652,2,0.520,-0.226,2.589,2,-0.176,-0.393,2.609,2,-0.222,-0.845,2.593,2,-0.234,-1.238,2.557,2,-0.244,-1.235,2.423,2,-0.028,-0.413,2.650,2,0.006,-0.845,2.468,2,0.011,-1.202,2.287,2,0.026,-1.168,2.212,2,-0.088,0.131,2.779,2,-0.673,-0.093,2.170,2,-0.554,-0.031,2.209,2,0.571,-0.203,2.509,2,0.530,-0.241,2.595,0
4.803|kb,326967021300700000,6,25,0,0,0,0,1,72057594037943901,2,-0.090,-0.396,2.644,2,-0.067,-0.089,2.714,2,-0.040,0.211,2.769,2,0.007,0.362,2.781,2,-0.213,0.116,2.709,2,-0.388,-0.014,2.608,2,-0.534,-0.059,2.360,2,-0.605,-0.057,2.253,2,0.127,0.061,2.793,2,0.228,-0.160,2.750,2,0.435,-0.234,2.627,2,0.549,-0.231,2.554,2,-0.163,-0.379,2.589,2,-0.217,-0.815,2.530,2,-0.239,-1.232,2.540,2,-0.247,-1.233,2.416,2,-0.015,-0.402,2.624,2,0.011,-0.852,2.460,2,0.012,-1.204,2.289,2,0.028,-1.169,2.211,2,-0.047,0.137,2.758,2,-0.660,-0.064,2.180,2,-0.537,-0.007,2.211,2,0.594,-0.211,2.482,2,0.560,-0.246,2.562,0
4.886|kb,326967028004250000,6,25,0,0,0,0,1,72057594037943901,2,-0.081,-0.390,2.631,2,-0.051,-0.085,2.702,2,-0.019,0.211,2.759,2,0.032,0.364,2.763,2,-0.195,0.121,2.701,2,-0.360,-0.001,2.611,2,-0.514,-0.045,2.368,2,-0.596,-0.043,2.255,2,0.148,0.065,2.777,2,0.248,-0.159,2.731,2,0.464,-0.241,2.591,2,0.563,-0.234,2.530,2,-0.155,-0.372,2.577,2,-0.217,-0.797,2.494,2,-0.244,-1.221,2.523,2,-0.251,-1.224,2.403,2,-0.005,-0.397,2.609,2,0.013,-0.848,2.459,2,0.013,-1.205,2.293,2,0.029,-1.169,2.212,2,-0.027,0.138,2.747,2,-0.651,-0.047,2.171,2,-0.525,0.009,2.206,2,0.616,-0.213,2.461,2,0.572,-0.249,2.536,0
4.964|kb,326967034607130000,6,25,0,0,0,0,1,72057594037943901,2,-0.074,-0.385,2.623,2,-0.038,-0.082,2.694,2,-0.002,0.212,2.750,2,0.046,0.365,2.753,2,-0.184,0.123,2.697,2,-0.362,0.001,2.605,2,-0.515,-0.040,2.361,2,-0.594,-0.035,2.260,2,0.162,0.066,2.765,2,0.256,-0.154,2.721,2,0.466,-0.243,2.581,2,0.572,-0.237,2.507,2,-0.148,-0.366,2.572,2,-0.215,-0.784,2.465,2,-0.252,-1.212,2.502,2,-0.258,-1.219,2.384,2,0.003,-0.393,2.597,2,0.016,-0.843,2.459,2,0.013,-1.207,2.296,2,0.030,-1.170,2.212,2,-0.011,0.139,2.739,2,-0.649,-0.040,2.187,2,-0.521,0.016,2.206,2,0.624,-0.210,2.427,2,0.582,-0.252,2.510,0
5.033|kb,326967044606250000,6,25,0,0,0,0,1,72057594037943901,2,-0.066,-0.380,2.612,2,-0.028,-0.079,2.683,2,0.010,0.213,2.739,2,0.055,0.368,2.741,2,-0.173,0.126,2.692,2,-0.357,0.003,2.602,2,-0.516,-0.034,2.361,2,-0.597,-0.028,2.268,2,0.175,0.070,2.747,2,0.269,-0.147,2.697,2,0.489,-0.236,2.533,2,0.575,-0.237,2.472,2,-0.141,-0.361,2.565,2,-0.225,-0.748,2.438,2,-0.265,-1.187,2.453,2,-0.279,-1.195,2.326,2,0.011,-0.388,2.583,2,0.018,-0.838,2.459,2,0.015,-1.210,2.297,2,0.030,-1.171,2.211,2,0.001,0.141,2.728,2,-0.652,-0.034,2.190,2,-0.528,0.021,2.224,2,0.625,-0.218,2.408,2,0.581,-0.254,2.479,0
5.133|kb,326967051300140000,6,25,0,0,0,0,1,72057594037943901,2,-0.065,-0.376,2.608,2,-0.025,-0.077,2.678,2,0.014,0.215,2.734,2,0.057,0.371,2.736,2,-0.170,0.128,2.689,2,-0.359,0.002,2.600,2,-0.521,-0.032,2.361,2,-0.604,-0.027,2.278,2,0.178,0.074,2.738,2,0.271,-0.140,2.686,2,0.487,-0.228,2.517,2,0.574,-0.232,2.450,2,-0.140,-0.358,2.562,2,-0.235,-0.742,2.430,2,-0.286,-1.187,2.399,2,-0.293,-1.176,2.274,2,0.013,-0.384,2.578,2,0.019,-0.828,2.461,2,0.014,-1.210,2.299,2,0.032,-1.170,2.214,2,0.004,0.143,2.723,2,-0.662,-0.028,2.198,2,-0.534,0.022,2.228,2,0.621,-0.213,2.386,2,0.604,-0.249,2.399,0
5.226|kb,326967061300810000,6,25,0,0,0,0,1,72057594037943901,2,-0.068,-0.373,2.599,2,-0.027,-0.074,2.670,2,0.014,0.217,2.727,2,0.052,0.373,2.726,2,-0.171,0.130,2.686,2,-0.365,0.001,2.596,2,-0.534,-0.033,2.363,2,-0.620,-0.033,2.282,2,0.175,0.078,2.725,2,0.270,-0.134,2.667,2,0.479,-0.233,2.500,2,0.561,-0.223,2.428,2,-0.143,-0.354,2.556,2,-0.246,-0.742,2.425,2,-0.308,-1.172,2.348,2,-0.299,-1.144,2.244,2,0.009,-0.381,2.566,2,0.019,-0.822,2.459,2,0.014,-1.210,2.299,2,0.032,-1.173,2.211,2,0.004,0.145,2.715,2,-0.678,-0.039,2.217,2,-0.555,0.018,2.221,2,0.612,-0.203,2.359,2,0.562,-0.250,2.410,0
5.318|kb,326967067999440000,6,25,0,0,0,0,1,72057594037943901,2,-0.072,-0.371,2.596,2,-0.032,-0.072,2.666,2,0.006,0.220,2.722,2,0.041,0.377,2.722,2,-0.177,0.130,2.683,2,-0.375,-0.002,2.594,2,-0.546,-0.037,2.362,2,-0.633,-0.039,2.286,2,0.168,0.081,2.718,2,0.268,-0.131,2.659,2,0.477,-0.216,2.479,2,0.552,-0.210,2.419,2,-0.147,-0.352,2.552,2,-0.254,-0.739,2.419,2,-0.320,-1.160,2.333,2,-0.306,-1.136,2.233,2,0.005,-0.379,2.563,2,0.016,-0.815,2.458,2,0.015,-1.210,2.300,2,0.031,-1.174,2.208,2,-0.003,0.148,2.711,2,-0.697,-0.044,2.227,2,-0.574,0.012,2.232,2,0.596,-0.194,2.354,2,0.587,-0.219,2.359,0
5.382|kb,326967078001740000,6,25,0,0,0,0,1,72057594037943901,2,-0.084,-0.369,2.592,2,-0.054,-0.067,2.662,2,-0.025,0.227,2.720,2,0.002,0.384,2.720,2,-0.206,0.130,2.679,2,-0.397,-0.008,2.594,2,-0.571,-0.048,2.366,2,-0.661,-0.054,2.285,2,0.143,0.087,2.714,2,0.247,-0.125,2.653,2,0.441,-0.204,2.490,2,0.534,-0.192,2.415,2,-0.161,-0.350,2.548,2,-0.262,-0.735,2.412,2,-0.337,-1.162,2.330,2,-0.314,-1.137,2.226,2,-0.006,-0.376,2.560,2,0.013,-0.814,2.457,2,0.015,-1.211,2.299,2,0.031,-1.175,2.207,2,-0.032,0.155,2.708,2,-0.721,-0.063,2.219,2,-0.603,0.003,2.220,2,0.583,-0.169,2.345,2,0.566,-0.203,2.363,0
5.460|kb,326967084607920000,6,25,0,0,0,0,1,72057594037943901,2,-0.099,-0.370,2.588,2,-0.077,-0.068,2.660,2,-0.056,0.226,2.718,2,-0.030,0.384,2.720,2,-0.238,0.125,2.679,2,-0.424,-0.010,2.584,2,-0.608,-0.070,2.369,2,-0.697,-0.082,2.276,2,0.114,0.088,2.712,2,0.224,-0.122,2.654,2,0.419,-0.198,2.497,2,0.516,-0.182,2.421,2,-0.176,-0.353,2.543,2,-0.267,-0.739,2.410,2,-0.348,-1.168,2.329,2,-0.319,-1.156,2.223,2,-0.019,-0.376,2.556,2,0.008,-0.811,2.457,2,0.015,-1.211,2.300,2,0.030,-1.176,2.207,2,-0.061,0.154,2.706,2,-0.760,-0.092,2.213,2,-0.646,-0.037,2.226,2,0.558,-0.161,2.354,2,0.541,-0.198,2.375,0
5.560|kb,326967098001910000,6,25,0,0,0,0,1,72057594037943901,2,-0.139,-0.374,2.584,2,-0.139,-0.070,2.657,2,-0.139,0.226,2.715,2,-0.111,0.386,2.721,2,-0.308,0.120,2.672,2,-0.471,-0.013,2.572,2,-0.640,-0.090,2.350,2,-0.742,-0.115,2.248,2,0.043,0.092,2.724,2,0.159,-0.116,2.671,2,0.384,-0.188,2.513,2,0.460,-0.171,2.464,2,-0.216,-0.362,2.536,2,-0.292,-0.779,2.418,2,-0.346,-1.171,2.335,2,-0.319,-1.161,2.224,2,-0.058,-0.376,2.556,2,-0.009,-0.822,2.451,2,0.013,-1.209,2.299,2,0.025,-1.171,2.213,2,-0.139,0.153,2.703,2,-0.796,-0.126,2.186,2,-0.689,-0.060,2.171,2,0.509,-0.149,2.390,2,0.467,-0.186,2.468,0
5.649|kb,326967104606340000,6,25,0,0,0,0,1,72057594037943901,2,-0.161,-0.377,2.590,2,-0.168,-0.072,2.660,2,-0.174,0.225,2.715,2,-0.151,0.385,2.718,2,-0.341,0.121,2.670,2,-0.495,-0.017,2.569,2,-0.653,-0.093,2.339,2,-0.753,-0.121,2.221,2,0.007,0.097,2.731,2,0.131,-0.116,2.684,2,0.359,-0.182,2.533,2,0.441,-0.162,2.484,2,-0.238,-0.365,2.540,2,-0.304,-0.782,2.424,2,-0.345,-1.167,2.345,2,-0.315,-1.149,2.230,2,-0.081,-0.377,2.565,2,-0.018,-0.822,2.450,2,0.009,-1.206,2.299,2,0.022,-1.166,2.218,2,-0.173,0.152,2.703,2,-0.800,-0.144,2.138,2,-0.692,-0.066,2.156,2,0.481,-0.144,2.412,2,0.471,-0.172,2.421,0
5.707|kb,326967108000930000,6,25,0,0,0,0,1,72057594037943901,2,-0.171,-0.379,2.594,2,-0.183,-0.074,2.662,2,-0.195,0.224,2.714,2,-0.172,0.382,2.716,2,-0.359,0.119,2.668,2,-0.511,-0.019,2.564,2,-0.662,-0.096,2.329,2,-0.756,-0.124,2.204,2,-0.009,0.098,2.734,2,0.116,-0.116,2.691,2,0.315,-0.181,2.567,2,0.425,-0.164,2.504,2,-0.248,-0.368,2.542,2,-0.312,-0.784,2.428,2,-0.344,-1.166,2.347,2,-0.316,-1.153,2.230,2,-0.090,-0.379,2.571,2,-0.023,-0.825,2.449,2,0.010,-1.205,2.298,2,0.019,-1.163,2.214,2,-0.192,0.150,2.704,2,-0.808,-0.139,2.130,2,-0.690,-0.067,2.125,2,0.467,-0.141,2.426,2,0.432,-0.180,2.509,0
5.768|kb,326967114608080000,6,25,0,0,0,0,1,72057594037943901,2,-0.193,-0.383,2.609,2,-0.210,-0.076,2.669,2,-0.228,0.224,2.715,2,-0.205,0.382,2.715,2,-0.386,0.120,2.664,2,-0.529,-0.016,2.558,2,-0.665,-0.100,2.317,2,-0.754,-0.129,2.175,2,-0.042,0.096,2.745,2,0.085,-0.117,2.714,2,0.301,-0.179,2.594,2,0.408,-0.161,2.536,2,-0.268,-0.372,2.552,2,-0.323,-0.789,2.436,2,-0.347,-1.170,2.354,2,-0.321,-1.163,2.229,2,-0.112,-0.384,2.591,2,-0.033,-0.838,2.450,2,0.012,-1.208,2.291,2,0.020,-1.166,2.209,2,-0.223,0.150,2.706,2,-0.807,-0.145,2.090,2,-0.678,-0.073,2.110,2,0.446,-0.140,2.457,2,0.428,-0.097,2.467,0
5.831|kb,326967121300000000,6,25,0,0,0,0,1,72057594037943901,2,-0.211,-0.387,2.624,2,-0.231,-0.078,2.677,2,-0.251,0.223,2.716,2,-0.230,0.379,2.713,2,-0.407,0.120,2.657,2,-0.544,-0.011,2.545,2,-0.668,-0.092,2.296,2,-0.741,-0.128,2.142,2,-0.068,0.097,2.753,2,0.067,-0.122,2.729,2,0.285,-0.180,2.625,2,0.376,-0.168,2.586,2,-0.284,-0.376,2.562,2,-0.336,-0.798,2.443,2,-0.347,-1.178,2.353,2,-0.322,-1.170,2.225,2,-0.131,-0.387,2.612,2,-0.040,-0.835,2.457,2,0.015,-1.212,2.287,2,0.020,-1.168,2.204,2,-0.246,0.149,2.708,2,-0.789,-0.153,2.058,2,-0.670,-0.079,2.099,2,0.430,-0.146,2.498,2,0.328,-0.156,2.569,0
5.899|kb,326967128000550000,6,25,0,0,0,0,1,72057594037943901,2,-0.221,-0.387,2.636,2,-0.246,-0.077,2.685,2,-0.269,0.224,2.720,2,-0.245,0.380,2.716,2,-0.422,0.120,2.652,2,-0.543,0.009,2.488,2,-0.655,-0.074,2.248,2,-0.716,-0.120,2.109,2,-0.096,0.099,2.772,2,0.050,-0.127,2.752,2,0.259,-0.183,2.675,2,0.343,-0.177,2.645,2,-0.293,-0.376,2.569,2,-0.345,-0.801,2.450,2,-0.348,-1.184,2.353,2,-0.323,-1.169,2.227,2,-0.143,-0.387,2.628,2,-0.052,-0.841,2.476,2,0.015,-1.216,2.291,2,0.021,-1.171,2.212,2,-0.264,0.150,2.713,2,-0.761,-0.145,2.011,2,-0.644,-0.064,2.064,2,0.404,-0.159,2.560,2,0.349,-0.155,2.582,0
5.969|kb,326967134606230000,6,25,0,0,0,0,1,72057594037943901,2,-0.231,-0.387,2.646,2,-0.259,-0.076,2.693,2,-0.286,0.227,2.725,2,-0.257,0.381,2.723,2,-0.432,0.121,2.649,2,-0.556,-0.004,2.523,2,-0.637,-0.071,2.252,2,-0.679,-0.108,2.087,2,-0.115,0.097,2.790,2,0.016,-0.127,2.788,2,0.248,-0.189,2.714,2,0.335,-0.182,2.693,2,-0.300,-0.375,2.576,2,-0.355,-0.805,2.456,2,-0.348,-1.186,2.355,2,-0.324,-1.167,2.233,2,-0.156,-0.389,2.643,2,-0.064,-0.843,2.499,2,0.003,-1.230,2.333,2,0.012,-1.182,2.248,2,-0.280,0.152,2.720,2,-0.725,-0.133,1.997,2,-0.610,-0.052,2.054,2,0.399,-0.159,2.612,2,0.299,-0.170,2.654,0
6.031|kb,326967141300350000,6,25,0,0,0,0,1,72057594037943901,2,-0.243,-0.389,2.659,2,-0.272,-0.076,2.702,2,-0.300,0.229,2.732,2,-0.266,0.382,2.734,2,-0.436,0.121,2.648,2,-0.557,0.002,2.512,1,-0.627,-0.066,2.238,2,-0.641,-0.095,2.070,2,-0.130,0.091,2.808,2,0.004,-0.137,2.812,2,0.229,-0.202,2.768,2,0.315,-0.195,2.748,2,-0.309,-0.375,2.583,2,-0.360,-0.803,2.459,2,-0.348,-1.191,2.355,2,-0.325,-1.169,2.239,2,-0.170,-0.393,2.660,2,-0.076,-0.847,2.532,2,-0.020,-1.243,2.406,2,0.002,-1.210,2.320,2,-0.293,0.154,2.727,2,-0.680,-0.109,1.980,2,-0.573,-0.047,2.050,2,0.385,-0.179,2.670,2,0.255,-0.171,2.724,0
6.096|kb,326967148000580000,6,25,0,0,0,0,1,72057594037943901,2,-0.252,-0.391,2.669,2,-0.281,-0.077,2.711,2,-0.307,0.229,2.739,2,-0.272,0.383,2.751,2,-0.438,0.122,2.649,2,-0.554,0.007,2.503,2,-0.581,-0.051,2.220,2,-0.604,-0.086,2.061,2,-0.145,0.085,2.827,2,-0.006,-0.148,2.843,2,0.238,-0.214,2.806,2,0.317,-0.206,2.798,2,-0.316,-0.376,2.590,2,-0.368,-0.795,2.463,2,-0.349,-1.197,2.352,2,-0.327,-1.170,2.238,2,-0.181,-0.397,2.673,2,-0.089,-0.851,2.567,2,-0.050,-1.254,2.487,2,-0.023,-1.237,2.403,2,-0.301,0.154,2.735,2,-0.645,-0.110,1.967,2,-0.569,-0.050,2.017,2,0.379,-0.180,2.724,2,0.286,-0.203,2.749,0
6.162|kb,326967154606620000,6,25,0,0,0,0,1,72057594037943901,2,-0.257,-0.395,2.680,2,-0.286,-0.080,2.722,2,-0.313,0.228,2.750,2,-0.274,0.379,2.768,2,-0.439,0.120,2.650,2,-0.550,0.010,2.496,2,-0.546,-0.051,2.212,2,-0.568,-0.079,2.059,2,-0.156,0.080,2.849,2,-0.029,-0.156,2.877,2,0.220,-0.225,2.855,2,0.302,-0.223,2.856,2,-0.318,-0.377,2.597,2,-0.372,-0.799,2.466,2,-0.350,-1.201,2.351,2,-0.328,-1.167,2.240,2,-0.188,-0.401,2.688,2,-0.107,-0.853,2.609,2,-0.082,-1.277,2.571,2,-0.039,-1.268,2.488,2,-0.307,0.152,2.746,2,-0.599,-0.091,1.966,2,-0.507,-0.036,2.050,2,0.364,-0.200,2.787,2,0.362,-0.209,2.760,0
6.230|kb,326967161299630000,6,25,0,0,0,0,1,72057594037943901,2,-0.261,-0.400,2.694,2,-0.289,-0.084,2.736,2,-0.315,0.225,2.765,2,-0.271,0.374,2.786,2,-0.435,0.116,2.655,2,-0.538,0.012,2.482,2,-0.527,-0.052,2.199,2,-0.536,-0.078,2.060,2,-0.161,0.069,2.870,2,-0.042,-0.167,2.909,2,0.215,-0.243,2.901,2,0.288,-0.240,2.906,2,-0.320,-0.381,2.609,2,-0.373,-0.803,2.469,2,-0.350,-1.204,2.351,2,-0.328,-1.169,2.239,2,-0.195,-0.408,2.703,2,-0.124,-0.849,2.649,2,-0.121,-1.282,2.651,2,-0.068,-1.283,2.577,2,-0.309,0.148,2.760,2,-0.575,-0.096,1.959,2,-0.528,-0.052,1.988,2,0.352,-0.219,2.843,2,0.283,-0.241,2.845,0
6.301|kb,326967167999880000,6,25,0,0,0,0,1,72057594037943901,2,-0.263,-0.408,2.711,2,-0.290,-0.089,2.752,2,-0.314,0.221,2.780,2,-0.267,0.368,2.805,2,-0.426,0.113,2.666,2,-0.538,-0.004,2.444,2,-0.510,-0.066,2.161,2,-0.506,-0.077,2.072,2,-0.163,0.059,2.892,2,-0.091,-0.160,2.943,2,0.172,-0.257,2.944,2,0.263,-0.260,2.956,2,-0.319,-0.388,2.626,2,-0.372,-0.805,2.472,2,-0.352,-1.204,2.350,2,-0.329,-1.169,2.240,2,-0.200,-0.416,2.721,2,-0.137,-0.873,2.689,2,-0.150,-1.302,2.703,2,-0.084,-1.304,2.639,2,-0.309,0.145,2.776,2,-0.537,-0.085,1.979,2,-0.439,-0.041,2.065,2,0.333,-0.245,2.911,2,0.298,-0.236,2.902,0
6.365|kb,326967174606460000,6,25,0,0,0,0,1,72057594037943901,2,-0.263,-0.417,2.732,2,-0.288,-0.096,2.774,2,-0.311,0.216,2.802,2,-0.256,0.360,2.830,2,-0.420,0.112,2.675,2,-0.511,0.003,2.482,2,-0.480,-0.065,2.202,2,-0.481,-0.076,2.090,2,-0.162,0.050,2.920,2,-0.091,-0.173,2.963,2,0.167,-0.275,2.980,2,0.258,-0.280,2.997,2,-0.316,-0.397,2.648,2,-0.369,-0.809,2.478,2,-0.353,-1.206,2.349,2,-0.329,-1.170,2.239,2,-0.203,-0.426,2.741,2,-0.147,-0.885,2.726,2,-0.176,-1.311,2.755,2,-0.111,-1.318,2.694,2,-0.306,0.139,2.797,2,-0.516,-0.091,2.001,2,-0.472,-0.059,2.034,2,0.328,-0.267,2.953,2,0.336,-0.257,2.926,0
6.430|kb,326967181300600000,6,25,0,0,0,0,1,72057594037943901,2,-0.260,-0.428,2.754,2,-0.282,-0.107,2.799,2,-0.302,0.206,2.830,2,-0.242,0.344,2.858,2,-0.402,0.102,2.708,2,-0.496,-0.002,2.503,2,-0.458,-0.066,2.222,2,-0.458,-0.076,2.114,2,-0.158,0.034,2.954,2,-0.089,-0.197,2.998,2,0.163,-0.294,3.017,2,0.251,-0.301,3.041,2,-0.311,-0.403,2.664,2,-0.366,-0.810,2.490,2,-0.356,-1.207,2.350,2,-0.330,-1.170,2.239,2,-0.202,-0.441,2.770,2,-0.157,-0.890,2.756,2,-0.197,-1.314,2.792,2,-0.136,-1.326,2.731,2,-0.297,0.129,2.825,2,-0.492,-0.085,2.026,2,-0.393,-0.042,2.105,2,0.319,-0.290,3.014,2,0.305,-0.267,2.992,0
6.509|kb,326967191300580000,6,25,0,0,0,0,1,72057594037943901,2,-0.251,-0.450,2.796,2,-0.268,-0.127,2.845,2,-0.283,0.188,2.881,2,-0.219,0.321,2.913,2,-0.376,0.084,2.755,2,-0.481,0.020,2.572,2,-0.435,-0.051,2.294,2,-0.435,-0.081,2.159,2,-0.144,0.010,3.008,2,-0.083,-0.221,3.041,2,0.172,-0.325,3.077,2,0.259,-0.335,3.098,2,-0.300,-0.424,2.706,2,-0.360,-0.815,2.509,2,-0.360,-1.211,2.346,2,-0.330,-1.169,2.240,2,-0.195,-0.464,2.810,2,-0.172,-0.908,2.791,2,-0.212,-1.329,2.820,2,-0.158,-1.342,2.740,2,-0.280,0.110,2.875,2,-0.470,-0.093,2.067,2,-0.370,-0.046,2.150,2,0.330,-0.318,3.066,2,0.335,-0.325,3.031,0
6.589|kb,326967198000750000,6,25,0,0,0,0,1,72057594037943901,2,-0.239,-0.466,2.830,2,-0.253,-0.144,2.884,2,-0.267,0.170,2.923,2,-0.201,0.299,2.953,2,-0.359,0.070,2.792,1,-0.460,-0.025,2.564,2,-0.408,-0.072,2.282,2,-0.421,-0.084,2.199,2,-0.132,-0.008,3.035,2,-0.073,-0.237,3.078,2,0.173,-0.343,3.109,2,0.263,-0.361,3.134,2,-0.288,-0.440,2.741,2,-0.353,-0.816,2.527,2,-0.363,-1.213,2.343,2,-0.331,-1.166,2.244,2,-0.183,-0.479,2.845,2,-0.181,-0.928,2.815,2,-0.219,-1.339,2.825,2,-0.164,-1.344,2.743,2,-0.264,0.092,2.915,2,-0.454,-0.087,2.104,2,-0.359,-0.048,2.192,2,0.331,-0.358,3.116,2,0.337,-0.368,3.082,0
6.662|kb,326967204608260000,6,25,0,0,0,0,1,72057594037943901,2,-0.231,-0.483,2.868,2,-0.240,-0.163,2.928,2,-0.247,0.150,2.974,2,-0.181,0.281,3.001,2,-0.344,0.053,2.839,2,-0.447,-0.015,2.656,2,-0.388,-0.059,2.374,2,-0.414,-0.089,2.247,2,-0.114,-0.023,3.080,2,-0.061,-0.255,3.121,2,0.185,-0.368,3.149,2,0.279,-0.384,3.166,2,-0.279,-0.453,2.776,2,-0.345,-0.821,2.555,2,-0.369,-1.213,2.345,2,-0.332,-1.159,2.256,2,-0.176,-0.500,2.884,2,-0.195,-0.960,2.847,2,-0.233,-1.349,2.829,2,-0.171,-1.347,2.746,2,-0.245,0.073,2.965,2,-0.448,-0.092,2.148,2,-0.353,-0.057,2.241,2,0.352,-0.378,3.137,2,0.279,-0.415,3.152,0
6.727|kb,326967211300890000,6,25,0,0,0,0,1,72057594037943901,2,-0.225,-0.492,2.905,2,-0.228,-0.173,2.966,2,-0.228,0.139,3.013,2,-0.158,0.268,3.045,2,-0.330,0.041,2.885,2,-0.455,-0.043,2.632,2,-0.429,-0.101,2.348,2,-0.413,-0.098,2.290,2,-0.091,-0.041,3.128,2,-0.032,-0.280,3.169,2,0.200,-0.383,3.173,2,0.295,-0.402,3.190,2,-0.274,-0.460,2.817,2,-0.341,-0.832,2.582,2,-0.371,-1.217,2.349,2,-0.331,-1.153,2.266,2,-0.171,-0.511,2.919,2,-0.197,-0.962,2.873,2,-0.236,-1.351,2.831,2,-0.174,-1.350,2.750,2,-0.228,0.062,3.004,2,-0.453,-0.102,2.176,2,-0.349,-0.070,2.285,2,0.364,-0.405,3.173,2,0.312,-0.430,3.181,0
6.790|kb,326967217999920000,6,25,0,0,0,0,1,72057594037943901,2,-0.225,-0.500,2.937,2,-0.218,-0.183,3.003,2,-0.207,0.127,3.057,2,-0.139,0.258,3.079,2,-0.314,0.035,2.929,2,-0.449,-0.043,2.679,2,-0.428,-0.111,2.397,2,-0.425,-0.109,2.331,2,-0.070,-0.073,3.157,2,-0.013,-0.289,3.189,2,0.240,-0.405,3.197,2,0.333,-0.419,3.200,2,-0.276,-0.466,2.850,2,-0.340,-0.839,2.611,2,-0.373,-1.216,2.359,2,-0.329,-1.137,2.277,2,-0.170,-0.520,2.949,2,-0.198,-0.975,2.898,2,-0.239,-1.356,2.833,2,-0.175,-1.351,2.750,2,-0.210,0.050,3.046,2,-0.464,-0.112,2.238,2,-0.355,-0.090,2.314,2,0.401,-0.413,3.148,2,0.366,-0.389,3.197,0
6.857|kb,326967224607540000,6,25,0,0,0,0,1,72057594037943901,2,-0.225,-0.504,2.971,2,-0.209,-0.190,3.034,2,-0.192,0.117,3.084,2,-0.124,0.249,3.108,2,-0.311,0.030,2.967,2,-0.459,-0.053,2.727,2,-0.436,-0.113,2.443,2,-0.445,-0.114,2.377,2,-0.059,-0.062,3.182,2,0.000,-0.289,3.212,2,0.251,-0.412,3.210,2,0.358,-0.430,3.208,2,-0.278,-0.471,2.889,2,-0.345,-0.841,2.640,2,-0.374,-1.210,2.381,2,-0.338,-1.124,2.300,2,-0.166,-0.525,2.978,2,-0.202,-0.980,2.916,2,-0.240,-1.361,2.831,2,-0.175,-1.352,2.749,2,-0.197,0.041,3.074,2,-0.489,-0.120,2.282,2,-0.387,-0.096,2.371,2,0.427,-0.427,3.143,2,0.410,-0.404,3.133,0
6.928|kb,326967231300500000,6,25,0,0,0,0,1,72057594037943901,2,-0.236,-0.503,2.997,2,-0.210,-0.194,3.065,2,-0.182,0.109,3.119,2,-0.118,0.244,3.135,2,-0.308,0.029,3.001,2,-0.469,-0.055,2.770,2,-0.460,-0.111,2.485,2,-0.480,-0.115,2.417,2,-0.048,-0.062,3.201,2,0.013,-0.289,3.231,2,0.262,-0.417,3.212,2,0.369,-0.436,3.203,2,-0.292,-0.468,2.917,2,-0.352,-0.848,2.658,2,-0.382,-1.197,2.420,2,-0.355,-1.124,2.348,2,-0.175,-0.526,3.002,2,-0.206,-0.987,2.933,2,-0.242,-1.367,2.833,2,-0.177,-1.353,2.752,2,-0.190,0.034,3.108,2,-0.518,-0.120,2.320,2,-0.478,-0.090,2.338,2,0.438,-0.440,3.137,2,0.318,-0.464,3.175,0
7.000|kb,326967238000720000,6,25,0,0,0,0,1,72057594037943901,2,-0.243,-0.505,3.018,2,-0.209,-0.198,3.088,2,-0.174,0.102,3.144,2,-0.115,0.240,3.162,2,-0.311,0.025,3.036,1,-0.477,-0.050,2.807,2,-0.500,-0.114,2.524,2,-0.521,-0.112,2.470,2,-0.045,-0.061,3.214,2,0.022,-0.290,3.240,2,0.269,-0.420,3.211,2,0.372,-0.438,3.194,2,-0.302,-0.469,2.945,2,-0.368,-0.852,2.693,2,-0.386,-1.221,2.429,2,-0.379,-1.145,2.339,2,-0.178,-0.527,3.017,2,-0.209,-0.985,2.950,2,-0.244,-1.367,2.837,2,-0.179,-1.353,2.757,2,-0.183,0.028,3.133,2,-0.559,-0.108,2.362,2,-0.458,-0.084,2.468,2,0.437,-0.442,3.121,2,0.395,-0.462,3.187,0
7.063|kb,326967244607620000,6,25,0,0,0,0,1,72057594037943901,2,-0.251,-0.506,3.036,2,-0.212,-0.200,3.110,2,-0.173,0.099,3.171,2,-0.117,0.237,3.183,2,-0.320,0.022,3.060,2,-0.499,-0.077,2.883,2,-0.554,-0.114,2.600,2,-0.569,-0.110,2.509,2,-0.038,-0.061,3.227,2,0.032,-0.289,3.246,2,0.277,-0.417,3.194,2,0.378,-0.437,3.167,2,-0.312,-0.471,2.966,2,-0.387,-0.860,2.725,2,-0.440,-1.214,2.574,2,-0.415,-1.188,2.451,2,-0.184,-0.528,3.031,2,-0.211,-0.980,2.962,2,-0.244,-1.373,2.838,2,-0.181,-1.355,2.758,2,-0.183,0.025,3.158,2,-0.609,-0.108,2.415,2,-0.506,-0.074,2.490,2,0.456,-0.438,3.098,2,0.343,-0.463,3.138,0
7.141|kb,326967254608000000,6,25,0,0,0,0,1,72057594037943901,2,-0.255,-0.507,3.051,2,-0.216,-0.204,3.129,2,-0.177,0.092,3.193,2,-0.130,0.233,3.211,2,-0.334,0.016,3.092,2,-0.497,-0.054,2.970,2,-0.580,-0.107,2.697,2,-0.644,-0.117,2.559,2,-0.039,-0.064,3.236,2,0.035,-0.287,3.246,2,0.277,-0.411,3.168,2,0.360,-0.424,3.128,2,-0.319,-0.475,2.987,2,-0.415,-0.862,2.777,2,-0.476,-1.246,2.704,2,-0.464,-1.243,2.584,2,-0.185,-0.527,3.041,2,-0.213,-0.953,2.979,2,-0.244,-1.370,2.847,2,-0.185,-1.349,2.770,2,-0.187,0.019,3.180,2,-0.689,-0.116,2.454,2,-0.575,-0.075,2.515,2,0.429,-0.433,3.073,2,0.391,-0.458,3.119,0
7.222|kb,326967261300590000,6,25,0,0,0,0,1,72057594037943901,2,-0.262,-0.507,3.059,2,-0.226,-0.206,3.140,2,-0.190,0.088,3.207,2,-0.147,0.232,3.229,2,-0.354,0.011,3.113,2,-0.519,-0.069,2.992,2,-0.628,-0.117,2.792,2,-0.690,-0.126,2.593,2,-0.043,-0.066,3.240,2,0.037,-0.285,3.242,2,0.274,-0.404,3.143,2,0.369,-0.415,3.090,2,-0.328,-0.479,3.001,2,-0.434,-0.853,2.818,2,-0.501,-1.283,2.766,2,-0.495,-1.273,2.648,2,-0.189,-0.525,3.044,2,-0.212,-0.947,2.983,2,-0.244,-1.373,2.851,2,-0.186,-1.350,2.771,2,-0.199,0.015,3.192,2,-0.735,-0.123,2.494,2,-0.618,-0.085,2.549,2,0.437,-0.404,3.012,2,0.391,-0.426,3.078,0
7.295|kb,326967268001550000,6,25,0,0,0,0,1,72057594037943901,2,-0.269,-0.507,3.069,2,-0.238,-0.207,3.150,2,-0.206,0.088,3.217,2,-0.168,0.232,3.239,2,-0.373,0.006,3.130,2,-0.534,-0.082,3.018,2,-0.664,-0.135,2.803,2,-0.739,-0.139,2.627,2,-0.049,-0.066,3.244,2,0.036,-0.284,3.235,2,0.228,-0.391,3.121,2,0.352,-0.403,3.060,2,-0.337,-0.482,3.013,2,-0.451,-0.868,2.853,2,-0.530,-1.304,2.820,2,-0.513,-1.289,2.680,2,-0.195,-0.522,3.051,2,-0.213,-0.955,2.984,2,-0.239,-1.378,2.849,2,-0.188,-1.348,2.777,2,-0.214,0.015,3.203,2,-0.786,-0.142,2.535,2,-0.700,-0.110,2.594,2,0.417,-0.390,2.975,2,0.380,-0.416,3.010,0
7.360|kb,326967274606820000,6,25,0,0,0,0,1,72057594037943901,2,-0.282,-0.509,3.076,2,-0.255,-0.208,3.158,2,-0.228,0.086,3.226,2,-0.199,0.233,3.246,2,-0.393,0.000,3.146,2,-0.582,-0.106,3.017,2,-0.706,-0.144,2.759,2,-0.783,-0.149,2.655,2,-0.065,-0.064,3.245,2,0.029,-0.279,3.222,2,0.256,-0.391,3.093,2,0.337,-0.391,3.032,2,-0.351,-0.486,3.024,2,-0.468,-0.873,2.884,2,-0.543,-1.328,2.860,2,-0.543,-1.320,2.760,2,-0.207,-0.520,3.054,2,-0.215,-0.964,2.985,2,-0.237,-1.381,2.849,2,-0.191,-1.352,2.776,2,-0.235,0.013,3.212,2,-0.830,-0.153,2.565,2,-0.738,-0.117,2.609,2,0.398,-0.378,2.950,2,0.351,-0.395,3.024,0
7.450|kb,326967284607080000,6,25,0,0,0,0,1,72057594037943901,2,-0.309,-0.514,3.086,2,-0.291,-0.214,3.167,2,-0.272,0.080,3.233,2,-0.250,0.232,3.246,2,-0.439,-0.013,3.164,2,-0.618,-0.119,3.056,2,-0.769,-0.166,2.815,2,-0.852,-0.175,2.699,2,-0.109,-0.059,3.238,2,0.010,-0.276,3.202,2,0.221,-0.368,3.055,2,0.301,-0.367,2.994,2,-0.382,-0.495,3.035,2,-0.480,-0.895,2.923,2,-0.551,-1.351,2.898,2,-0.549,-1.341,2.794,2,-0.229,-0.521,3.062,2,-0.220,-0.964,2.987,2,-0.234,-1.381,2.850,2,-0.193,-1.354,2.776,2,-0.277,0.007,3.219,2,-0.901,-0.187,2.614,2,-0.823,-0.144,2.658,2,0.358,-0.340,2.916,2,0.319,-0.385,2.989,0
7.516|kb,326967291300570000,6,25,0,0,0,0,1,72057594037943901,2,-0.334,-0.517,3.092,2,-0.320,-0.217,3.171,2,-0.309,0.078,3.237,2,-0.292,0.231,3.247,2,-0.480,-0.017,3.177,2,-0.645,-0.127,3.086,2,-0.800,-0.178,2.849,2,-0.901,-0.194,2.723,2,-0.137,-0.059,3.235,2,-0.018,-0.270,3.194,2,0.154,-0.350,3.069,2,0.270,-0.354,2.975,2,-0.408,-0.500,3.042,2,-0.488,-0.911,2.942,2,-0.551,-1.369,2.898,2,-0.548,-1.344,2.794,2,-0.252,-0.521,3.068,2,-0.228,-0.968,2.988,2,-0.233,-1.381,2.851,2,-0.191,-1.353,2.775,2,-0.311,0.005,3.223,2,-0.951,-0.202,2.646,2,-0.870,-0.160,2.681,2,0.326,-0.332,2.904,2,0.284,-0.380,2.963,0
7.594|kb,326967298000470000,6,25,0,0,0,0,1,72057594037943901,2,-0.362,-0.519,3.096,2,-0.357,-0.218,3.174,2,-0.354,0.077,3.236,2,-0.340,0.230,3.244,2,-0.522,-0.022,3.184,2,-0.675,-0.144,3.104,2,-0.837,-0.195,2.872,2,-0.943,-0.213,2.744,2,-0.173,-0.057,3.231,2,-0.058,-0.256,3.188,2,0.141,-0.345,3.049,2,0.234,-0.341,2.960,2,-0.436,-0.505,3.046,2,-0.505,-0.916,2.954,2,-0.550,-1.371,2.905,2,-0.549,-1.347,2.797,2,-0.279,-0.521,3.071,2,-0.239,-0.966,2.988,2,-0.233,-1.382,2.851,2,-0.192,-1.354,2.773,2,-0.355,0.004,3.223,2,-0.993,-0.220,2.669,2,-0.883,-0.174,2.706,2,0.288,-0.312,2.887,2,0.246,-0.358,2.949,0
7.679|kb,326967304606870000,6,25,0,0,0,0,1,72057594037943901,2,-0.385,-0.520,3.101,2,-0.388,-0.218,3.176,2,-0.389,0.077,3.238,2,-0.387,0.231,3.241,2,-0.562,-0.025,3.189,2,-0.720,-0.128,3.061,2,-0.890,-0.197,2.841,2,-0.991,-0.233,2.749,2,-0.212,-0.049,3.230,2,-0.089,-0.253,3.182,2,0.120,-0.338,3.028,2,0.198,-0.327,2.949,2,-0.459,-0.508,3.051,2,-0.521,-0.929,2.961,2,-0.552,-1.368,2.902,2,-0.549,-1.349,2.796,2,-0.302,-0.519,3.076,2,-0.258,-0.974,2.979,2,-0.232,-1.383,2.848,2,-0.194,-1.354,2.774,2,-0.389,0.004,3.225,2,-1.037,-0.246,2.668,2,-0.939,-0.193,2.706,2,0.248,-0.302,2.879,2,0.208,-0.352,2.947,0
7.742|kb,326967311300310000,6,25,0,0,0,0,1,72057594037943901,2,-0.404,-0.521,3.105,2,-0.415,-0.217,3.180,2,-0.425,0.081,3.240,2,-0.426,0.237,3.245,2,-0.593,-0.031,3.193,2,-0.748,-0.162,3.118,2,-0.906,-0.221,2.886,2,-1.018,-0.247,2.756,2,-0.248,-0.046,3.231,2,-0.119,-0.248,3.178,2,0.102,-0.328,3.015,2,0.164,-0.313,2.948,2,-0.478,-0.512,3.056,2,-0.534,-0.940,2.970,2,-0.553,-1.363,2.906,2,-0.550,-1.348,2.797,2,-0.320,-0.517,3.080,2,-0.265,-0.972,2.971,2,-0.229,-1.384,2.846,2,-0.194,-1.354,2.773,2,-0.423,0.007,3.227,2,-1.067,-0.262,2.682,2,-0.974,-0.207,2.714,2,0.222,-0.279,2.867,2,0.179,-0.332,2.947,0
7.806|kb,326967321300530000,6,25,0,0,0,0,1,72057594037943901,2,-0.438,-0.518,3.108,2,-0.457,-0.214,3.179,2,-0.475,0.085,3.237,2,-0.470,0.238,3.245,2,-0.639,-0.029,3.195,2,-0.780,-0.167,3.123,2,-0.934,-0.238,2.892,2,-1.045,-0.270,2.754,2,-0.289,-0.037,3.232,2,-0.153,-0.244,3.177,2,0.034,-0.312,3.036,2,0.125,-0.302,2.951,2,-0.512,-0.511,3.057,2,-0.552,-0.939,2.981,2,-0.555,-1.360,2.911,2,-0.552,-1.350,2.800,2,-0.354,-0.513,3.084,2,-0.273,-0.953,2.939,2,-0.222,-1.378,2.838,2,-0.190,-1.358,2.764,2,-0.471,0.011,3.225,2,-1.093,-0.282,2.685,2,-0.995,-0.221,2.698,2,0.172,-0.278,2.878,2,0.139,-0.321,2.946,0
7.880|kb,326967328002600000,6,25,0,0,0,0,1,72057594037943901,2,-0.454,-0.515,3.109,2,-0.476,-0.211,3.179,2,-0.496,0.087,3.235,2,-0.490,0.239,3.243,2,-0.658,-0.029,3.191,2,-0.799,-0.170,3.119,2,-0.943,-0.242,2.881,2,-1.049,-0.283,2.744,2,-0.309,-0.033,3.233,2,-0.183,-0.239,3.182,2,0.022,-0.307,3.037,2,0.115,-0.291,2.952,2,-0.528,-0.509,3.057,2,-0.558,-0.941,2.984,2,-0.555,-1.364,2.913,2,-0.552,-1.353,2.806,2,-0.368,-0.508,3.086,2,-0.276,-0.930,2.917,2,-0.219,-1.360,2.833,2,-0.194,-1.344,2.755,2,-0.492,0.013,3.223,2,-1.097,-0.297,2.676,2,-1.002,-0.240,2.698,2,0.157,-0.267,2.885,2,0.127,-0.317,2.956,0
7.966|kb,326967334606900000,6,25,0,0,0,0,1,72057594037943901,2,-0.467,-0.513,3.107,2,-0.493,-0.210,3.176,2,-0.518,0.087,3.231,2,-0.508,0.241,3.239,2,-0.676,-0.028,3.186,2,-0.816,-0.174,3.106,2,-0.953,-0.273,2.914,2,-1.049,-0.298,2.725,2,-0.325,-0.030,3.233,2,-0.186,-0.239,3.183,2,-0.002,-0.303,3.049,2,0.103,-0.285,2.961,2,-0.541,-0.508,3.053,2,-0.564,-0.939,2.986,2,-0.555,-1.371,2.912,2,-0.551,-1.353,2.807,2,-0.381,-0.505,3.086,2,-0.280,-0.917,2.898,2,-0.227,-1.340,2.818,2,-0.207,-1.311,2.718,2,-0.512,0.013,3.220,2,-1.092,-0.313,2.651,2,-1.003,-0.256,2.691,2,0.148,-0.259,2.891,2,0.114,-0.307,2.955,0
8.054|kb,326967344607030000,6,25,0,0,0,0,1,72057594037943901,2,-0.477,-0.510,3.100,2,-0.507,-0.208,3.167,2,-0.535,0.087,3.220,2,-0.527,0.242,3.227,2,-0.690,-0.028,3.173,2,-0.826,-0.179,3.089,2,-0.950,-0.272,2.904,2,-1.039,-0.304,2.692,2,-0.343,-0.023,3.231,2,-0.211,-0.234,3.188,2,0.000,-0.299,3.047,2,0.096,-0.279,2.972,2,-0.550,-0.505,3.044,2,-0.570,-0.934,2.983,2,-0.555,-1.371,2.912,2,-0.551,-1.353,2.808,2,-0.393,-0.502,3.080,2,-0.306,-0.905,2.865,2,-0.264,-1.311,2.751,2,-0.241,-1.286,2.656,2,-0.529,0.014,3.210,2,-1.080,-0.321,2.588,2,-0.983,-0.257,2.646,2,0.143,-0.253,2.904,2,0.106,-0.307,2.975,0
8.131|kb,326967351300700000,6,25,0,0,0,0,1,72057594037943901,2,-0.484,-0.508,3.092,2,-0.515,-0.206,3.159,2,-0.543,0.090,3.213,2,-0.535,0.245,3.218,2,-0.695,-0.026,3.160,2,-0.831,-0.180,3.063,2,-0.949,-0.268,2.817,2,-1.028,-0.299,2.663,2,-0.351,-0.021,3.227,2,-0.214,-0.234,3.189,2,-0.009,-0.294,3.055,2,0.095,-0.276,2.975,2,-0.557,-0.503,3.034,2,-0.576,-0.936,2.979,2,-0.553,-1.371,2.912,2,-0.552,-1.352,2.807,2,-0.399,-0.500,3.074,2,-0.318,-0.912,2.837,2,-0.281,-1.298,2.694,2,-0.262,-1.261,2.602,2,-0.536,0.017,3.202,2,-1.070,-0.320,2.578,2,-0.979,-0.253,2.615,2,0.145,-0.245,2.904,2,0.105,-0.299,2.976,0
8.201|kb,326967358000970000,6,25,0,0,0,0,1,72057594037943901,2,-0.489,-0.507,3.081,2,-0.520,-0.204,3.148,2,-0.549,0.092,3.201,2,-0.540,0.246,3.205,2,-0.700,-0.025,3.145,2,-0.832,-0.174,3.043,2,-0.951,-0.265,2.798,2,-1.017,-0.296,2.637,2,-0.355,-0.020,3.219,2,-0.216,-0.233,3.186,2,-0.005,-0.293,3.052,2,0.093,-0.275,2.974,2,-0.562,-0.501,3.022,2,-0.578,-0.940,2.975,2,-0.552,-1.372,2.913,2,-0.552,-1.352,2.806,2,-0.403,-0.500,3.066,2,-0.328,-0.920,2.811,2,-0.297,-1.294,2.627,2,-0.275,-1.241,2.536,2,-0.543,0.018,3.190,2,-1.052,-0.313,2.549,2,-0.971,-0.253,2.597,2,0.143,-0.250,2.900,2,0.105,-0.301,2.971,0
8.267|kb,326967364606780000,6,25,0,0,0,0,1,72057594037943901,2,-0.492,-0.504,3.068,2,-0.522,-0.201,3.133,2,-0.549,0.097,3.184,2,-0.538,0.250,3.189,2,-0.698,-0.019,3.127,2,-0.829,-0.167,3.022,2,-0.944,-0.268,2.780,2,-1.002,-0.294,2.613,2,-0.357,-0.018,3.204,2,-0.222,-0.231,3.175,2,-0.007,-0.291,3.048,2,0.092,-0.279,2.969,2,-0.565,-0.498,3.009,2,-0.578,-0.940,2.969,2,-0.555,-1.367,2.911,2,-0.553,-1.346,2.802,2,-0.407,-0.498,3.051,2,-0.335,-0.914,2.782,2,-0.306,-1.275,2.572,2,-0.278,-1.215,2.482,2,-0.543,0.023,3.174,2,-1.041,-0.310,2.524,2,-0.952,-0.251,2.582,2,0.150,-0.248,2.894,2,0.102,-0.301,2.960,0
8.326|kb,326967374607360000,6,25,0,0,0,0,1,72057594037943901,2,-0.491,-0.505,3.041,2,-0.515,-0.199,3.101,2,-0.537,0.102,3.147,2,-0.521,0.255,3.150,2,-0.685,-0.016,3.086,2,-0.816,-0.165,2.985,2,-0.917,-0.246,2.729,2,-0.973,-0.292,2.573,2,-0.348,-0.017,3.169,2,-0.217,-0.231,3.149,2,-0.008,-0.293,3.028,2,0.102,-0.284,2.940,2,-0.562,-0.498,2.982,2,-0.576,-0.931,2.955,2,-0.557,-1.360,2.910,2,-0.552,-1.348,2.801,2,-0.407,-0.500,3.026,2,-0.338,-0.901,2.741,2,-0.297,-1.243,2.493,2,-0.281,-1.179,2.414,2,-0.532,0.027,3.138,2,-1.011,-0.313,2.482,2,-0.932,-0.250,2.521,2,0.155,-0.260,2.862,2,0.108,-0.308,2.936,0
8.402|kb,326967378002710000,6,25,0,0,0,0,1,72057594037943901,2,-0.488,-0.505,3.028,2,-0.509,-0.199,3.085,2,-0.527,0.101,3.128,2,-0.511,0.255,3.132,2,-0.681,-0.015,3.074,2,-0.807,-0.157,2.972,2,-0.886,-0.243,2.710,2,-0.959,-0.292,2.560,2,-0.343,-0.017,3.155,2,-0.212,-0.236,3.128,2,-0.008,-0.296,3.019,2,0.103,-0.291,2.928,2,-0.559,-0.498,2.969,2,-0.575,-0.932,2.951,2,-0.558,-1.359,2.911,2,-0.552,-1.347,2.800,2,-0.404,-0.499,3.013,2,-0.336,-0.898,2.720,2,-0.294,-1.239,2.469,2,-0.279,-1.173,2.393,2,-0.523,0.027,3.120,2,-0.991,-0.320,2.464,2,-0.919,-0.249,2.515,2,0.157,-0.268,2.844,2,0.116,-0.312,2.924,0
8.464|kb,326967384606270000,6,25,0,0,0,0,1,72057594037943901,2,-0.481,-0.506,3.000,2,-0.497,-0.198,3.055,2,-0.509,0.104,3.096,2,-0.488,0.256,3.095,2,-0.663,-0.010,3.041,2,-0.792,-0.152,2.941,2,-0.883,-0.267,2.708,2,-0.932,-0.299,2.534,2,-0.329,-0.018,3.119,2,-0.202,-0.236,3.104,2,0.009,-0.301,2.984,2,0.109,-0.302,2.899,2,-0.553,-0.498,2.941,2,-0.570,-0.930,2.933,2,-0.559,-1.353,2.913,2,-0.552,-1.340,2.812,2,-0.398,-0.502,2.984,2,-0.332,-0.893,2.692,2,-0.288,-1.232,2.425,2,-0.270,-1.166,2.345,2,-0.506,0.029,3.088,2,-0.965,-0.323,2.443,2,-0.883,-0.256,2.492,2,0.167,-0.274,2.812,2,0.124,-0.323,2.892,0
8.527|kb,326967391300300000,6,25,0,0,0,0,1,72057594037943901,2,-0.470,-0.507,2.964,2,-0.479,-0.196,3.018,2,-0.486,0.108,3.057,2,-0.460,0.259,3.058,2,-0.642,-0.008,3.003,2,-0.772,-0.148,2.911,2,-0.847,-0.257,2.721,2,-0.890,-0.305,2.498,2,-0.302,-0.024,3.078,2,-0.177,-0.246,3.058,2,0.016,-0.320,2.944,2,0.121,-0.312,2.861,2,-0.541,-0.497,2.907,2,-0.565,-0.928,2.912,2,-0.561,-1.344,2.912,2,-0.552,-1.342,2.805,2,-0.386,-0.504,2.947,2,-0.323,-0.894,2.658,2,-0.281,-1.229,2.402,2,-0.265,-1.172,2.320,2,-0.485,0.033,3.050,2,-0.919,-0.339,2.424,2,-0.882,-0.283,2.442,2,0.178,-0.288,2.777,2,0.135,-0.337,2.850,0
8.590|kb,326967397999910000,6,25,0,0,0,0,1,72057594037943901,2,-0.458,-0.509,2.918,2,-0.458,-0.198,2.972,2,-0.455,0.107,3.012,2,-0.424,0.260,3.013,2,-0.615,-0.005,2.956,2,-0.744,-0.149,2.869,2,-0.823,-0.269,2.677,2,-0.841,-0.324,2.467,2,-0.283,-0.023,3.040,2,-0.164,-0.251,3.023,2,0.030,-0.326,2.905,2,0.136,-0.325,2.820,2,-0.528,-0.497,2.860,2,-0.558,-0.922,2.878,2,-0.561,-1.339,2.910,2,-0.552,-1.345,2.792,2,-0.376,-0.508,2.901,2,-0.316,-0.893,2.627,2,-0.284,-1.232,2.377,2,-0.260,-1.187,2.297,2,-0.456,0.032,3.005,2,-0.858,-0.371,2.368,2,-0.842,-0.302,2.430,2,0.197,-0.305,2.732,2,0.152,-0.347,2.808,0
8.655|kb,326967404607220000,6,25,0,0,0,0,1,72057594037943901,2,-0.439,-0.496,2.875,2,-0.429,-0.185,2.929,2,-0.416,0.120,2.969,2,-0.378,0.269,2.973,2,-0.580,0.018,2.908,2,-0.713,-0.152,2.817,2,-0.786,-0.304,2.586,2,-0.812,-0.380,2.455,2,-0.247,-0.019,3.001,2,-0.147,-0.254,2.982,2,0.034,-0.328,2.876,2,0.159,-0.329,2.771,2,-0.506,-0.481,2.811,2,-0.547,-0.924,2.842,2,-0.559,-1.332,2.896,2,-0.552,-1.344,2.792,2,-0.361,-0.498,2.863,2,-0.301,-0.897,2.585,2,-0.285,-1.224,2.385,2,-0.260,-1.194,2.289,2,-0.420,0.045,2.961,2,-0.816,-0.433,2.396,2,-0.839,-0.387,2.418,2,0.211,-0.307,2.693,2,0.166,-0.357,2.765,0
8.713|kb,326967411299920000,6,25,0,0,0,0,1,72057594037943901,2,-0.418,-0.479,2.832,2,-0.398,-0.167,2.885,2,-0.376,0.138,2.924,2,-0.327,0.287,2.923,2,-0.537,0.042,2.851,2,-0.676,-0.162,2.754,2,-0.753,-0.346,2.550,2,-0.777,-0.429,2.472,2,-0.213,-0.007,2.961,2,-0.138,-0.240,2.946,2,0.035,-0.325,2.835,2,0.162,-0.332,2.733,2,-0.486,-0.463,2.769,2,-0.532,-0.903,2.779,2,-0.561,-1.323,2.871,2,-0.551,-1.340,2.777,2,-0.340,-0.483,2.821,2,-0.284,-0.860,2.568,2,-0.289,-1.220,2.393,2,-0.261,-1.195,2.287,2,-0.382,0.063,2.917,2,-0.792,-0.491,2.439,2,-0.812,-0.466,2.441,2,0.220,-0.313,2.650,2,0.168,-0.358,2.719,0
8.769|kb,326967414607500000,6,25,0,0,0,0,1,72057594037943901,2,-0.408,-0.466,2.805,2,-0.382,-0.155,2.861,2,-0.354,0.150,2.903,2,-0.304,0.294,2.902,2,-0.521,0.050,2.834,2,-0.664,-0.160,2.739,2,-0.743,-0.356,2.548,2,-0.755,-0.422,2.502,2,-0.198,-0.003,2.943,2,-0.133,-0.233,2.929,2,0.037,-0.322,2.820,2,0.166,-0.330,2.716,2,-0.478,-0.449,2.744,2,-0.530,-0.879,2.737,2,-0.565,-1.311,2.860,2,-0.553,-1.333,2.778,2,-0.327,-0.471,2.791,2,-0.283,-0.857,2.567,2,-0.290,-1.222,2.396,2,-0.261,-1.195,2.289,2,-0.361,0.074,2.895,2,-0.771,-0.484,2.461,2,-0.783,-0.428,2.463,2,0.224,-0.312,2.630,2,0.177,-0.357,2.699,0
8.847|kb,326967424609010000,6,25,0,0,0,0,1,72057594037943901,2,-0.374,-0.436,2.747,2,-0.340,-0.128,2.802,2,-0.305,0.174,2.844,2,-0.245,0.318,2.844,2,-0.475,0.082,2.776,2,-0.612,-0.154,2.702,2,-0.693,-0.383,2.556,2,-0.704,-0.460,2.526,2,-0.152,0.013,2.885,2,-0.099,-0.217,2.866,2,0.108,-0.320,2.726,2,0.177,-0.315,2.655,2,-0.443,-0.413,2.684,2,-0.514,-0.815,2.593,2,-0.565,-1.222,2.753,2,-0.528,-1.249,2.651,2,-0.296,-0.447,2.735,2,-0.273,-0.852,2.553,2,-0.288,-1.222,2.399,2,-0.260,-1.195,2.291,2,-0.314,0.100,2.836,2,-0.727,-0.531,2.503,2,-0.726,-0.449,2.495,2,0.235,-0.296,2.567,2,0.189,-0.342,2.645,0
8.905|kb,326967428001160000,6,25,0,0,0,0,1,72057594037943901,2,-0.364,-0.428,2.728,2,-0.328,-0.119,2.782,2,-0.291,0.183,2.821,2,-0.230,0.325,2.826,2,-0.461,0.093,2.758,2,-0.596,-0.148,2.696,2,-0.675,-0.383,2.560,2,-0.684,-0.482,2.525,2,-0.139,0.023,2.868,2,-0.089,-0.217,2.850,2,0.105,-0.311,2.709,2,0.177,-0.308,2.633,2,-0.433,-0.406,2.667,2,-0.502,-0.789,2.551,2,-0.566,-1.214,2.722,2,-0.563,-1.250,2.647,2,-0.285,-0.439,2.714,2,-0.269,-0.848,2.547,2,-0.290,-1.225,2.402,2,-0.260,-1.194,2.295,2,-0.300,0.108,2.814,2,-0.695,-0.551,2.501,2,-0.713,-0.463,2.503,2,0.230,-0.287,2.548,2,0.177,-0.337,2.613,0
8.974|kb,326967438000420000,6,25,0,0,0,0,1,72057594037943901,2,-0.328,-0.406,2.671,2,-0.294,-0.101,2.731,2,-0.260,0.198,2.776,2,-0.201,0.345,2.770,2,-0.437,0.113,2.712,2,-0.557,-0.139,2.669,2,-0.631,-0.384,2.549,2,-0.635,-0.466,2.518,2,-0.108,0.038,2.814,2,-0.072,-0.178,2.798,2,0.110,-0.286,2.637,2,0.182,-0.276,2.545,2,-0.398,-0.383,2.610,2,-0.472,-0.738,2.438,2,-0.555,-1.179,2.548,2,-0.543,-1.192,2.449,2,-0.250,-0.419,2.657,2,-0.260,-0.841,2.526,2,-0.291,-1.224,2.404,2,-0.260,-1.195,2.294,2,-0.268,0.124,2.767,2,-0.638,-0.548,2.490,2,-0.664,-0.468,2.494,2,0.224,-0.258,2.471,2,0.181,-0.310,2.534,0
9.052|kb,326967444607170000,6,25,0,0,0,0,1,72057594037943901,2,-0.318,-0.391,2.642,2,-0.282,-0.084,2.696,2,-0.244,0.215,2.735,2,-0.189,0.359,2.736,2,-0.424,0.125,2.680,2,-0.536,-0.131,2.643,2,-0.605,-0.379,2.526,2,-0.608,-0.443,2.499,2,-0.092,0.053,2.780,2,-0.059,-0.164,2.761,2,0.103,-0.268,2.599,2,0.169,-0.254,2.494,2,-0.388,-0.366,2.580,2,-0.451,-0.748,2.359,2,-0.534,-1.170,2.376,2,-0.496,-1.163,2.273,2,-0.239,-0.405,2.628,2,-0.255,-0.840,2.517,2,-0.293,-1.225,2.405,2,-0.260,-1.197,2.294,2,-0.254,0.141,2.728,2,-0.613,-0.517,2.469,2,-0.638,-0.449,2.464,2,0.209,-0.228,2.418,2,0.170,-0.288,2.484,0
9.118|kb,326967451299950000,6,25,0,0,0,0,1,72057594037943901,2,-0.302,-0.385,2.608,2,-0.268,-0.077,2.661,2,-0.235,0.223,2.700,2,-0.178,0.372,2.694,2,-0.412,0.134,2.638,2,-0.515,-0.126,2.599,2,-0.578,-0.378,2.487,2,-0.584,-0.437,2.459,2,-0.076,0.066,2.739,2,-0.055,-0.152,2.726,2,0.093,-0.253,2.549,2,0.156,-0.228,2.430,2,-0.372,-0.360,2.549,2,-0.425,-0.734,2.288,2,-0.494,-1.134,2.217,2,-0.460,-1.124,2.111,2,-0.223,-0.398,2.592,2,-0.252,-0.841,2.509,2,-0.298,-1.228,2.402,2,-0.259,-1.198,2.294,2,-0.243,0.149,2.693,2,-0.594,-0.508,2.427,2,-0.609,-0.421,2.431,2,0.192,-0.228,2.366,2,0.178,-0.240,2.387,0
9.218|kb,326967461300550000,6,25,0,0,0,0,1,72057594037943901,2,-0.278,-0.382,2.545,2,-0.249,-0.071,2.594,2,-0.221,0.233,2.628,2,-0.164,0.380,2.621,2,-0.397,0.138,2.562,2,-0.497,-0.123,2.521,2,-0.550,-0.376,2.404,2,-0.553,-0.452,2.373,2,-0.058,0.078,2.677,2,-0.008,-0.179,2.597,2,0.110,-0.246,2.430,2,0.138,-0.198,2.340,2,-0.347,-0.359,2.484,2,-0.395,-0.726,2.211,2,-0.414,-1.075,1.985,2,-0.369,-1.028,1.901,2,-0.200,-0.395,2.531,2,-0.244,-0.838,2.483,2,-0.301,-1.223,2.399,2,-0.261,-1.194,2.297,2,-0.228,0.158,2.622,2,-0.554,-0.531,2.348,2,-0.588,-0.452,2.350,2,0.173,-0.159,2.281,2,0.155,-0.222,2.329,0
9.283|kb,326967468001060000,6,25,0,0,0,0,1,72057594037943901,2,-0.279,-0.379,2.496,2,-0.248,-0.067,2.542,2,-0.218,0.237,2.573,2,-0.161,0.385,2.571,2,-0.394,0.141,2.505,2,-0.486,-0.123,2.459,2,-0.534,-0.375,2.337,2,-0.534,-0.453,2.298,2,-0.054,0.083,2.629,2,-0.026,-0.194,2.565,2,0.091,-0.219,2.386,2,0.124,-0.176,2.277,2,-0.346,-0.355,2.436,2,-0.368,-0.708,2.162,2,-0.353,-1.049,1.876,2,-0.324,-0.974,1.816,2,-0.203,-0.392,2.480,2,-0.240,-0.836,2.457,2,-0.298,-1.218,2.392,2,-0.257,-1.198,2.285,2,-0.225,0.162,2.568,2,-0.536,-0.534,2.268,2,-0.569,-0.489,2.279,2,0.142,-0.130,2.217,2,0.162,-0.186,2.249,0
9.358|kb,326967474606720000,6,25,0,0,0,0,1,72057594037943901,2,-0.263,-0.374,2.436,2,-0.242,-0.060,2.483,2,-0.220,0.245,2.514,2,-0.164,0.393,2.513,2,-0.392,0.146,2.450,2,-0.478,-0.119,2.390,2,-0.515,-0.367,2.257,2,-0.514,-0.444,2.218,2,-0.054,0.090,2.569,2,-0.022,-0.186,2.506,2,0.084,-0.204,2.319,2,0.111,-0.154,2.213,2,-0.332,-0.353,2.377,2,-0.333,-0.693,2.098,2,-0.327,-1.019,1.876,2,-0.288,-0.937,1.792,2,-0.186,-0.384,2.419,2,-0.233,-0.843,2.418,2,-0.289,-1.207,2.378,2,-0.251,-1.200,2.277,2,-0.226,0.169,2.509,2,-0.514,-0.523,2.185,2,-0.554,-0.449,2.199,2,0.122,-0.105,2.150,2,0.153,-0.159,2.191,0
9.453|kb,326967484608200000,6,25,0,0,0,0,1,72057594037943901,2,-0.242,-0.350,2.343,2,-0.237,-0.036,2.390,2,-0.230,0.269,2.424,2,-0.179,0.419,2.421,2,-0.398,0.165,2.350,2,-0.467,-0.102,2.274,2,-0.482,-0.340,2.119,2,-0.476,-0.419,2.083,2,-0.057,0.117,2.477,2,-0.021,-0.159,2.416,2,0.077,-0.175,2.224,2,0.096,-0.122,2.125,2,-0.311,-0.329,2.283,2,-0.314,-0.657,2.011,2,-0.311,-0.991,1.865,2,-0.269,-0.935,1.758,2,-0.166,-0.360,2.327,2,-0.210,-0.805,2.331,2,-0.278,-1.187,2.364,2,-0.238,-1.200,2.261,2,-0.232,0.194,2.418,2,-0.468,-0.499,2.040,2,-0.519,-0.437,2.068,2,0.097,-0.079,2.077,2,0.143,-0.127,2.104,0
9.532|kb,326967491301600000,6,25,0,0,0,0,1,72057594037943901,2,-0.231,-0.317,2.268,2,-0.236,-0.003,2.321,2,-0.238,0.300,2.360,2,-0.186,0.454,2.362,2,-0.400,0.194,2.280,2,-0.459,-0.074,2.202,2,-0.451,-0.308,2.037,2,-0.447,-0.383,2.002,2,-0.061,0.151,2.424,2,-0.025,-0.126,2.366,2,0.068,-0.161,2.173,2,0.087,-0.097,2.070,2,-0.300,-0.297,2.204,2,-0.308,-0.644,1.982,2,-0.311,-0.973,1.859,2,-0.265,-0.933,1.743,2,-0.155,-0.326,2.257,2,-0.184,-0.774,2.238,2,-0.271,-1.167,2.331,2,-0.229,-1.194,2.242,2,-0.238,0.226,2.353,2,-0.435,-0.462,1.955,2,-0.490,-0.394,1.986,2,0.079,-0.070,2.019,2,0.127,-0.112,2.053,0
9.598|kb,326967498002060000,6,25,0,0,0,0,1,72057594037943901,2,-0.215,-0.294,2.224,2,-0.228,0.023,2.270,2,-0.240,0.328,2.303,2,-0.188,0.479,2.307,2,-0.398,0.216,2.218,2,-0.446,-0.039,2.135,2,-0.430,-0.270,1.970,2,-0.410,-0.355,1.933,2,-0.064,0.184,2.376,2,-0.031,-0.094,2.320,2,0.058,-0.104,2.095,2,0.079,-0.067,2.023,2,-0.283,-0.277,2.153,2,-0.303,-0.638,1.962,2,-0.307,-0.969,1.855,2,-0.258,-0.942,1.735,2,-0.138,-0.300,2.220,2,-0.131,-0.710,2.125,2,-0.240,-1.123,2.267,2,-0.216,-1.157,2.205,2,-0.237,0.253,2.298,2,-0.396,-0.423,1.879,2,-0.360,-0.396,1.966,2,0.069,-0.039,1.968,2,0.115,-0.092,2.016,0
9.667|kb,326967508000630000,6,25,0,0,0,0,1,72057594037943901,2,-0.206,-0.259,2.154,2,-0.220,0.057,2.199,2,-0.233,0.362,2.229,2,-0.176,0.508,2.234,2,-0.381,0.244,2.140,2,-0.427,0.018,2.039,2,-0.397,-0.196,1.849,2,-0.385,-0.279,1.781,2,-0.060,0.219,2.311,2,-0.031,-0.059,2.248,2,0.059,-0.061,2.020,2,0.077,-0.027,1.947,2,-0.272,-0.245,2.082,2,-0.301,-0.620,1.933,2,-0.304,-0.966,1.853,2,-0.251,-0.952,1.733,2,-0.133,-0.264,2.151,2,-0.073,-0.629,1.988,2,-0.202,-1.054,2.131,2,-0.167,-1.075,2.059,2,-0.230,0.287,2.224,2,-0.364,-0.345,1.748,2,-0.335,-0.293,1.804,2,0.060,0.007,1.890,2,0.128,-0.023,1.924,0
9.750|kb,326967514606910000,6,25,0,0,0,0,1,72057594037943901,2,-0.195,-0.239,2.109,2,-0.210,0.076,2.155,2,-0.224,0.380,2.186,2,-0.163,0.525,2.192,2,-0.370,0.261,2.092,2,-0.416,0.040,1.988,2,-0.380,-0.154,1.778,2,-0.361,-0.232,1.701,2,-0.052,0.237,2.271,2,-0.025,-0.040,2.196,2,0.049,-0.012,1.972,2,0.077,-0.002,1.899,2,-0.259,-0.225,2.034,2,-0.301,-0.606,1.915,2,-0.303,-0.959,1.856,2,-0.248,-0.957,1.734,2,-0.124,-0.245,2.108,2,-0.046,-0.595,1.905,2,-0.168,-1.039,1.990,2,-0.127,-1.042,1.914,2,-0.221,0.305,2.181,2,-0.337,-0.296,1.663,2,-0.323,-0.223,1.674,2,0.060,0.032,1.843,2,0.127,-0.008,1.891,0
9.834|kb,326967524610560000,6,25,0,0,0,0,1,72057594037943901,2,-0.176,-0.220,2.039,2,-0.191,0.096,2.087,2,-0.204,0.400,2.121,2,-0.136,0.544,2.124,2,-0.347,0.282,2.018,2,-0.393,0.078,1.914,2,-0.347,-0.089,1.683,2,-0.314,-0.191,1.578,2,-0.029,0.252,2.204,2,-0.008,-0.025,2.127,1,0.059,0.009,1.901,2,0.085,0.021,1.829,2,-0.241,-0.206,1.960,2,-0.296,-0.589,1.885,2,-0.293,-0.946,1.845,2,-0.235,-0.951,1.725,2,-0.106,-0.227,2.042,2,-0.019,-0.548,1.798,2,-0.063,-0.919,1.732,1,-0.007,-0.885,1.608,2,-0.201,0.326,2.115,2,-0.292,-0.243,1.546,2,-0.266,-0.180,1.608,2,0.069,0.086,1.764,2,0.134,0.009,1.821,0
9.903|kb,326967531300880000,6,25,0,0,0,0,1,72057594037943901,2,-0.160,-0.218,1.986,2,-0.173,0.100,2.036,2,-0.184,0.406,2.071,2,-0.112,0.547,2.074,2,-0.327,0.287,1.971,2,-0.376,0.096,1.863,2,-0.334,-0.068,1.629,2,-0.290,-0.163,1.514,2,-0.009,0.256,2.157,2,0.013,-0.018,2.066,2,0.085,-0.018,1.861,2,0.101,0.023,1.782,2,-0.225,-0.204,1.906,2,-0.292,-0.586,1.864,2,-0.295,-0.945,1.844,2,-0.237,-0.956,1.726,2,-0.090,-0.224,1.989,2,-0.016,-0.546,1.741,1,-0.038,-0.968,1.521,1,0.004,-0.912,1.428,2,-0.181,0.331,2.065,2,-0.266,-0.212,1.481,2,-0.243,-0.153,1.540,2,0.074,0.067,1.728,2,0.147,0.018,1.769,0
