1
0.000|kb,10191721660460000,6,25,1,72057594037935875,2,-0.053,0.661,2.888,2,-0.069,0.973,2.870,2,-0.084,1.274,2.844,2,-0.091,1.429,2.829,2,-0.243,1.154,2.847,2,-0.463,1.091,2.853,2,-0.605,1.256,2.707,2,-0.617,1.336,2.659,2,0.106,1.153,2.836,2,0.365,1.132,2.803,2,0.429,1.285,2.646,2,0.426,1.358,2.578,2,-0.131,0.650,2.852,2,-0.156,0.319,2.941,2,-0.164,-0.122,3.022,2,-0.163,-0.115,2.867,2,0.025,0.656,2.854,2,0.091,0.281,2.931,2,0.130,-0.214,3.017,2,0.164,-0.227,2.926,2,-0.081,1.200,2.852,2,-0.613,1.415,2.654,2,-0.575,1.312,2.608,2,0.435,1.399,2.551,2,0.368,1.373,2.545,0,0,0,0,0
0.078|kb,10191731664880000,6,25,1,72057594037935875,2,-0.053,0.661,2.887,2,-0.069,0.973,2.870,2,-0.084,1.275,2.842,2,-0.092,1.430,2.828,2,-0.244,1.154,2.847,2,-0.462,1.088,2.856,2,-0.606,1.260,2.704,2,-0.617,1.335,2.659,2,0.106,1.153,2.836,2,0.365,1.132,2.803,2,0.429,1.285,2.645,2,0.423,1.357,2.582,2,-0.131,0.650,2.851,2,-0.156,0.319,2.941,2,-0.164,-0.140,3.024,2,-0.176,-0.195,2.941,2,0.025,0.656,2.854,2,0.091,0.281,2.930,2,0.130,-0.214,3.017,2,0.164,-0.228,2.928,2,-0.081,1.201,2.851,2,-0.601,1.404,2.649,2,-0.581,1.315,2.611,2,0.420,1.393,2.543,2,0.365,1.398,2.568,0,0,0,0,0
0.137|kb,10191734961220000,6,25,1,72057594037935875,2,-0.053,0.661,2.887,2,-0.069,0.973,2.870,2,-0.084,1.275,2.843,2,-0.092,1.430,2.828,2,-0.243,1.153,2.847,2,-0.464,1.091,2.854,2,-0.608,1.264,2.702,2,-0.616,1.338,2.663,2,0.106,1.154,2.836,2,0.364,1.132,2.803,2,0.429,1.286,2.646,2,0.423,1.359,2.583,2,-0.131,0.650,2.851,2,-0.156,0.319,2.941,2,-0.164,-0.154,3.027,1,-0.177,-0.196,2.941,2,0.025,0.656,2.854,2,0.091,0.281,2.930,2,0.130,-0.214,3.017,2,0.164,-0.228,2.928,2,-0.080,1.201,2.851,2,-0.604,1.409,2.641,2,-0.580,1.311,2.612,2,0.424,1.398,2.552,2,0.369,1.374,2.548,0,0,0,0,0
0.193|kb,10191741658990000,6,25,1,72057594037935875,2,-0.053,0.661,2.886,2,-0.069,0.973,2.870,2,-0.084,1.275,2.843,2,-0.092,1.430,2.828,2,-0.243,1.153,2.847,2,-0.465,1.091,2.854,2,-0.608,1.261,2.699,2,-0.620,1.332,2.656,2,0.105,1.153,2.836,2,0.364,1.132,2.802,2,0.429,1.287,2.645,2,0.424,1.358,2.584,2,-0.131,0.650,2.850,2,-0.155,0.320,2.940,2,-0.163,-0.150,3.030,2,-0.174,-0.185,2.941,2,0.025,0.656,2.853,2,0.091,0.281,2.930,2,0.130,-0.214,3.017,2,0.164,-0.227,2.927,2,-0.081,1.201,2.851,2,-0.620,1.423,2.662,2,-0.582,1.314,2.604,2,0.428,1.396,2.548,2,0.412,1.318,2.526,0,0,0,0,0
0.252|kb,10191748263510000,6,25,1,72057594037935875,2,-0.053,0.661,2.886,2,-0.069,0.973,2.869,2,-0.084,1.274,2.843,2,-0.092,1.430,2.829,2,-0.243,1.153,2.847,2,-0.464,1.091,2.853,2,-0.609,1.263,2.701,2,-0.619,1.337,2.665,2,0.105,1.154,2.835,2,0.363,1.132,2.802,2,0.427,1.285,2.645,2,0.423,1.359,2.583,2,-0.131,0.650,2.850,2,-0.156,0.319,2.940,2,-0.164,-0.156,3.033,2,-0.171,-0.187,2.947,2,0.025,0.656,2.852,2,0.091,0.281,2.930,2,0.130,-0.213,3.017,2,0.165,-0.226,2.926,2,-0.080,1.201,2.851,2,-0.597,1.420,2.644,2,-0.571,1.321,2.619,2,0.424,1.403,2.554,2,0.385,1.351,2.533,0,0,0,0,0
0.332|kb,10191754951500000,6,25,1,72057594037935875,2,-0.053,0.660,2.885,2,-0.069,0.972,2.869,2,-0.084,1.274,2.843,2,-0.092,1.429,2.828,2,-0.243,1.152,2.846,2,-0.465,1.093,2.850,2,-0.606,1.188,2.744,2,-0.618,1.328,2.656,2,0.105,1.153,2.835,2,0.363,1.132,2.801,2,0.427,1.285,2.645,2,0.424,1.359,2.583,2,-0.131,0.650,2.850,2,-0.156,0.319,2.940,2,-0.164,-0.105,3.024,2,-0.163,-0.103,2.869,2,0.025,0.655,2.852,2,0.090,0.278,2.930,2,0.130,-0.215,3.017,2,0.165,-0.227,2.925,2,-0.080,1.200,2.851,2,-0.606,1.416,2.653,2,-0.583,1.314,2.601,2,0.427,1.407,2.565,2,0.394,1.340,2.524,0,0,0,0,0
0.394|kb,10191761659630000,6,25,1,72057594037935875,2,-0.053,0.660,2.885,2,-0.069,0.972,2.868,2,-0.085,1.272,2.841,2,-0.093,1.429,2.828,2,-0.244,1.154,2.846,2,-0.466,1.094,2.849,2,-0.607,1.268,2.697,2,-0.617,1.336,2.654,2,0.105,1.153,2.834,2,0.363,1.132,2.801,2,0.427,1.284,2.644,2,0.425,1.355,2.579,2,-0.131,0.650,2.850,2,-0.156,0.318,2.940,2,-0.164,-0.132,3.026,2,-0.173,-0.193,2.944,2,0.025,0.655,2.851,2,0.090,0.278,2.930,2,0.131,-0.214,3.017,2,0.165,-0.226,2.925,2,-0.081,1.199,2.850,2,-0.613,1.421,2.649,2,-0.583,1.305,2.607,2,0.424,1.396,2.553,2,0.391,1.346,2.527,0,0,0,0,0
0.449|kb,10191768264870000,6,25,1,72057594037935875,2,-0.053,0.660,2.885,2,-0.069,0.972,2.868,2,-0.085,1.272,2.842,2,-0.093,1.429,2.827,2,-0.244,1.153,2.846,2,-0.465,1.092,2.851,2,-0.609,1.264,2.700,2,-0.615,1.334,2.655,2,0.105,1.153,2.834,2,0.364,1.132,2.801,2,0.426,1.283,2.645,2,0.425,1.354,2.580,2,-0.131,0.650,2.849,2,-0.156,0.318,2.940,2,-0.164,-0.147,3.028,2,-0.174,-0.193,2.944,2,0.025,0.655,2.851,2,0.091,0.279,2.930,2,0.131,-0.215,3.017,2,0.165,-0.227,2.925,2,-0.081,1.199,2.850,2,-0.595,1.413,2.642,2,-0.582,1.316,2.614,2,0.419,1.401,2.561,2,0.395,1.341,2.519,0,0,0,0,0
0.506|kb,10191774954950000,6,25,1,72057594037935875,2,-0.054,0.660,2.885,2,-0.070,0.972,2.868,2,-0.085,1.272,2.841,2,-0.093,1.429,2.827,2,-0.244,1.153,2.846,2,-0.465,1.089,2.853,2,-0.596,1.215,2.726,2,-0.617,1.334,2.654,2,0.105,1.153,2.834,2,0.363,1.132,2.800,2,0.426,1.281,2.645,2,0.421,1.353,2.572,2,-0.131,0.650,2.849,2,-0.156,0.318,2.940,2,-0.164,-0.157,3.029,2,-0.175,-0.193,2.943,2,0.025,0.655,2.851,2,0.091,0.277,2.930,2,0.130,-0.215,3.017,2,0.165,-0.227,2.925,2,-0.081,1.199,2.850,2,-0.607,1.416,2.652,2,-0.588,1.308,2.602,2,0.425,1.398,2.550,2,0.365,1.363,2.520,0,0,0,0,0
0.569|kb,10191778261980000,6,25,1,72057594037935875,2,-0.054,0.660,2.885,2,-0.069,0.972,2.868,2,-0.085,1.272,2.841,2,-0.093,1.428,2.827,2,-0.243,1.153,2.845,2,-0.464,1.088,2.854,2,-0.602,1.182,2.742,2,-0.618,1.329,2.658,2,0.105,1.153,2.833,2,0.363,1.131,2.800,2,0.426,1.281,2.645,2,0.422,1.353,2.576,2,-0.131,0.649,2.849,2,-0.156,0.318,2.939,2,-0.164,-0.163,3.030,2,-0.176,-0.192,2.941,2,0.025,0.655,2.851,2,0.091,0.277,2.930,2,0.130,-0.215,3.016,2,0.165,-0.227,2.924,2,-0.081,1.199,2.850,2,-0.611,1.402,2.652,2,-0.583,1.309,2.611,2,0.433,1.405,2.561,2,0.367,1.365,2.533,0,0,0,0,0
0.617|kb,10191784956580000,6,25,1,72057594037935875,2,-0.054,0.660,2.885,2,-0.070,0.972,2.868,2,-0.085,1.272,2.841,2,-0.093,1.429,2.826,2,-0.244,1.153,2.845,2,-0.465,1.089,2.852,2,-0.608,1.263,2.701,2,-0.618,1.333,2.653,2,0.105,1.153,2.833,2,0.363,1.131,2.800,2,0.425,1.280,2.645,2,0.423,1.358,2.581,2,-0.131,0.649,2.849,2,-0.156,0.317,2.940,2,-0.164,-0.157,3.030,2,-0.175,-0.182,2.941,2,0.025,0.655,2.851,2,0.091,0.278,2.929,2,0.130,-0.214,3.016,2,0.165,-0.227,2.924,2,-0.081,1.199,2.850,2,-0.602,1.402,2.634,2,-0.589,1.298,2.595,2,0.421,1.399,2.549,2,0.391,1.352,2.534,0,0,0,0,0
0.671|kb,10191791660500000,6,25,1,72057594037935875,2,-0.054,0.660,2.884,2,-0.070,0.971,2.867,2,-0.085,1.272,2.841,2,-0.093,1.429,2.827,2,-0.244,1.153,2.845,2,-0.465,1.092,2.850,2,-0.610,1.265,2.700,2,-0.618,1.333,2.658,2,0.105,1.153,2.833,2,0.363,1.131,2.800,2,0.426,1.280,2.645,2,0.424,1.355,2.577,2,-0.131,0.649,2.848,2,-0.156,0.317,2.939,2,-0.166,-0.172,3.030,2,-0.176,-0.194,2.938,2,0.025,0.655,2.850,2,0.091,0.279,2.929,2,0.130,-0.212,3.015,2,0.165,-0.226,2.925,2,-0.081,1.198,2.850,2,-0.597,1.417,2.641,2,-0.580,1.311,2.616,2,0.422,1.399,2.547,2,0.379,1.343,2.522,0,0,0,0,0
0.729|kb,10191794952870000,6,25,1,72057594037935875,2,-0.054,0.660,2.883,2,-0.070,0.971,2.867,2,-0.085,1.272,2.841,2,-0.093,1.429,2.827,2,-0.244,1.153,2.844,2,-0.464,1.089,2.851,2,-0.607,1.264,2.701,2,-0.616,1.332,2.655,2,0.105,1.153,2.833,2,0.363,1.131,2.799,2,0.426,1.281,2.644,2,0.423,1.356,2.581,2,-0.131,0.649,2.848,2,-0.156,0.317,2.939,2,-0.166,-0.176,3.030,2,-0.177,-0.195,2.937,2,0.025,0.655,2.850,2,0.091,0.279,2.929,2,0.130,-0.215,3.013,2,0.166,-0.227,2.922,2,-0.081,1.198,2.849,2,-0.603,1.413,2.642,2,-0.560,1.349,2.625,2,0.414,1.392,2.536,2,0.375,1.359,2.537,0,0,0,0,0
0.792|kb,10191801659040000,6,25,1,72057594037935875,2,-0.054,0.660,2.883,2,-0.070,0.971,2.867,2,-0.085,1.272,2.841,2,-0.092,1.429,2.824,2,-0.243,1.153,2.844,2,-0.464,1.092,2.849,2,-0.605,1.189,2.744,2,-0.618,1.327,2.654,2,0.105,1.153,2.833,2,0.363,1.131,2.799,2,0.426,1.282,2.644,2,0.424,1.358,2.579,2,-0.131,0.649,2.847,2,-0.156,0.317,2.939,2,-0.163,-0.162,3.032,2,-0.176,-0.179,2.942,2,0.025,0.655,2.850,2,0.091,0.279,2.928,2,0.129,-0.213,3.014,2,0.165,-0.226,2.923,2,-0.081,1.199,2.849,2,-0.617,1.408,2.662,2,-0.569,1.334,2.627,2,0.427,1.406,2.563,2,0.394,1.324,2.525,0,0,0,0,0
0.859|kb,10191808264690000,6,25,1,72057594037935875,2,-0.054,0.660,2.883,2,-0.070,0.971,2.867,2,-0.085,1.272,2.841,2,-0.093,1.429,2.824,2,-0.243,1.153,2.844,2,-0.464,1.087,2.854,2,-0.605,1.183,2.747,2,-0.617,1.329,2.655,2,0.105,1.153,2.833,2,0.363,1.131,2.799,2,0.427,1.283,2.645,2,0.432,1.360,2.590,2,-0.131,0.649,2.847,2,-0.156,0.317,2.939,2,-0.163,-0.119,3.022,2,-0.163,-0.111,2.866,2,0.025,0.655,2.849,2,0.091,0.279,2.928,2,0.129,-0.214,3.014,2,0.165,-0.226,2.923,2,-0.081,1.199,2.849,2,-0.606,1.420,2.653,2,-0.582,1.315,2.616,2,0.432,1.401,2.555,2,0.376,1.373,2.544,0,0,0,0,0
0.915|kb,10191814955450000,6,25,1,72057594037935875,2,-0.054,0.660,2.883,2,-0.070,0.972,2.867,2,-0.086,1.273,2.842,2,-0.092,1.429,2.826,2,-0.244,1.153,2.845,2,-0.464,1.089,2.853,2,-0.609,1.261,2.700,2,-0.619,1.334,2.657,2,0.105,1.153,2.833,2,0.363,1.131,2.799,2,0.431,1.284,2.646,2,0.438,1.359,2.590,2,-0.131,0.649,2.847,2,-0.156,0.317,2.939,2,-0.163,-0.097,3.019,2,-0.163,-0.112,2.867,2,0.025,0.655,2.849,2,0.091,0.280,2.928,2,0.129,-0.212,3.015,2,0.163,-0.228,2.928,2,-0.082,1.199,2.850,2,-0.602,1.418,2.642,2,-0.585,1.301,2.614,2,0.445,1.408,2.568,2,0.403,1.327,2.515,0,0,0,0,0
0.963|kb,10191818263550000,6,25,1,72057594037935875,2,-0.054,0.660,2.883,2,-0.070,0.972,2.867,2,-0.085,1.273,2.842,2,-0.092,1.429,2.826,2,-0.244,1.153,2.845,2,-0.463,1.087,2.854,2,-0.599,1.253,2.685,2,-0.617,1.332,2.656,2,0.105,1.153,2.833,2,0.362,1.131,2.799,2,0.433,1.285,2.645,2,0.443,1.360,2.588,2,-0.131,0.649,2.847,2,-0.155,0.318,2.938,2,-0.163,-0.093,3.015,2,-0.164,-0.118,2.865,2,0.025,0.655,2.849,2,0.091,0.280,2.928,2,0.129,-0.213,3.015,2,0.163,-0.228,2.927,2,-0.081,1.200,2.850,2,-0.599,1.408,2.642,2,-0.568,1.324,2.609,2,0.455,1.412,2.575,2,0.398,1.353,2.535,0,0,0,0,0
1.003|kb,10191824952880000,6,25,1,72057594037935875,2,-0.054,0.660,2.883,2,-0.070,0.972,2.867,2,-0.085,1.274,2.842,2,-0.092,1.429,2.826,2,-0.244,1.153,2.844,2,-0.465,1.091,2.850,2,-0.608,1.260,2.693,2,-0.619,1.335,2.654,2,0.105,1.152,2.833,2,0.362,1.131,2.799,2,0.439,1.286,2.643,2,0.453,1.356,2.585,2,-0.131,0.649,2.847,2,-0.156,0.319,2.938,2,-0.164,-0.088,3.013,2,-0.164,-0.120,2.865,2,0.025,0.655,2.849,2,0.092,0.280,2.928,2,0.129,-0.213,3.014,2,0.162,-0.228,2.926,2,-0.081,1.200,2.850,2,-0.599,1.408,2.637,2,-0.580,1.304,2.604,2,0.465,1.409,2.567,2,0.405,1.365,2.522,0,0,0,0,0
1.043|kb,10191828258280000,6,25,1,72057594037935875,2,-0.054,0.660,2.883,2,-0.070,0.972,2.867,2,-0.086,1.273,2.841,2,-0.092,1.429,2.826,2,-0.244,1.154,2.845,2,-0.478,1.090,2.847,2,-0.611,1.262,2.690,2,-0.619,1.329,2.655,2,0.105,1.152,2.833,2,0.362,1.131,2.798,2,0.443,1.285,2.643,2,0.460,1.358,2.589,2,-0.131,0.649,2.847,2,-0.156,0.318,2.938,2,-0.164,-0.070,3.014,2,-0.164,-0.107,2.867,2,0.025,0.655,2.849,2,0.092,0.280,2.928,2,0.129,-0.213,3.015,2,0.163,-0.228,2.926,2,-0.082,1.200,2.850,2,-0.614,1.410,2.666,2,-0.594,1.310,2.608,2,0.470,1.405,2.560,2,0.444,1.316,2.537,0,0,0,0,0
1.093|kb,10191831664180000,6,25,1,72057594037935875,2,-0.054,0.660,2.883,2,-0.070,0.972,2.867,2,-0.085,1.274,2.842,2,-0.092,1.429,2.826,2,-0.244,1.154,2.845,2,-0.500,1.103,2.829,2,-0.611,1.262,2.691,2,-0.617,1.338,2.656,2,0.105,1.152,2.833,2,0.362,1.131,2.798,2,0.447,1.284,2.643,2,0.467,1.355,2.590,2,-0.131,0.649,2.847,2,-0.156,0.318,2.938,2,-0.164,-0.070,3.013,2,-0.164,-0.110,2.866,2,0.025,0.655,2.849,2,0.091,0.281,2.928,2,0.129,-0.214,3.015,2,0.164,-0.228,2.926,2,-0.082,1.200,2.850,2,-0.612,1.422,2.654,2,-0.567,1.330,2.614,2,0.472,1.409,2.568,2,0.434,1.335,2.531,0,0,0,0,0
1.138|kb,10191838258160000,6,25,1,72057594037935875,2,-0.054,0.660,2.882,2,-0.070,0.972,2.867,2,-0.085,1.275,2.842,2,-0.092,1.429,2.826,2,-0.244,1.153,2.845,2,-0.501,1.105,2.829,2,-0.611,1.263,2.692,2,-0.615,1.336,2.650,2,0.105,1.152,2.833,2,0.362,1.130,2.798,2,0.460,1.283,2.644,2,0.485,1.352,2.590,2,-0.132,0.649,2.847,2,-0.156,0.318,2.938,2,-0.164,-0.071,3.012,2,-0.164,-0.114,2.866,2,0.025,0.655,2.849,2,0.091,0.281,2.928,2,0.130,-0.214,3.015,2,0.164,-0.228,2.925,2,-0.082,1.200,2.850,2,-0.607,1.414,2.658,2,-0.595,1.308,2.593,2,0.491,1.410,2.573,2,0.461,1.323,2.539,0,0,0,0,0
1.176|kb,10191841667000000,6,25,1,72057594037935875,2,-0.054,0.660,2.883,2,-0.070,0.972,2.867,2,-0.085,1.275,2.842,2,-0.092,1.429,2.826,2,-0.244,1.154,2.845,2,-0.502,1.106,2.828,2,-0.611,1.263,2.692,2,-0.616,1.340,2.655,2,0.105,1.152,2.833,2,0.358,1.127,2.801,2,0.476,1.290,2.636,2,0.497,1.352,2.594,2,-0.131,0.649,2.847,2,-0.156,0.318,2.938,2,-0.163,-0.061,3.013,2,-0.163,-0.105,2.867,2,0.025,0.655,2.849,2,0.091,0.281,2.928,2,0.130,-0.214,3.015,2,0.165,-0.228,2.926,2,-0.081,1.200,2.850,2,-0.605,1.422,2.647,2,-0.579,1.315,2.612,2,0.512,1.412,2.577,2,0.480,1.327,2.546,0,0,0,0,0
1.226|kb,10191844951420000,6,25,1,72057594037935875,2,-0.054,0.659,2.883,2,-0.070,0.972,2.867,2,-0.085,1.274,2.842,2,-0.092,1.429,2.826,2,-0.243,1.154,2.845,2,-0.501,1.106,2.827,2,-0.611,1.266,2.692,2,-0.616,1.338,2.655,2,0.105,1.152,2.833,2,0.358,1.125,2.801,2,0.483,1.287,2.633,2,0.508,1.345,2.590,2,-0.132,0.649,2.847,2,-0.156,0.318,2.938,2,-0.164,-0.065,3.012,2,-0.164,-0.109,2.866,2,0.025,0.654,2.849,2,0.091,0.281,2.928,2,0.130,-0.214,3.015,2,0.164,-0.227,2.925,2,-0.082,1.200,2.850,2,-0.607,1.408,2.652,2,-0.573,1.319,2.612,2,0.521,1.408,2.573,2,0.478,1.330,2.537,0,0,0,0,0
1.286|kb,10191851662940000,6,25,1,72057594037935875,2,-0.054,0.659,2.883,2,-0.070,0.972,2.867,2,-0.085,1.274,2.842,2,-0.091,1.429,2.827,2,-0.243,1.154,2.845,2,-0.508,1.101,2.830,2,-0.607,1.230,2.711,2,-0.618,1.334,2.655,2,0.105,1.151,2.834,2,0.354,1.118,2.805,2,0.498,1.276,2.635,2,0.533,1.335,2.592,2,-0.132,0.648,2.847,2,-0.156,0.318,2.938,2,-0.163,-0.077,3.012,2,-0.163,-0.119,2.865,2,0.025,0.654,2.849,2,0.091,0.281,2.928,2,0.130,-0.213,3.015,2,0.164,-0.227,2.925,2,-0.081,1.200,2.850,2,-0.612,1.425,2.659,2,-0.570,1.327,2.616,2,0.552,1.405,2.582,2,0.496,1.317,2.538,0,0,0,0,0
1.339|kb,10191858256820000,6,25,1,72057594037935875,2,-0.054,0.659,2.883,2,-0.070,0.971,2.867,2,-0.085,1.274,2.843,2,-0.091,1.429,2.827,2,-0.243,1.154,2.845,2,-0.508,1.101,2.830,2,-0.611,1.261,2.698,2,-0.620,1.331,2.654,2,0.105,1.151,2.834,2,0.354,1.114,2.806,2,0.511,1.263,2.641,2,0.558,1.321,2.598,2,-0.132,0.648,2.847,2,-0.156,0.317,2.939,2,-0.164,-0.146,3.025,2,-0.179,-0.197,2.941,2,0.025,0.654,2.849,2,0.091,0.282,2.928,2,0.130,-0.213,3.015,2,0.164,-0.227,2.926,2,-0.082,1.200,2.851,2,-0.601,1.418,2.647,2,-0.590,1.291,2.595,2,0.582,1.398,2.579,2,0.513,1.311,2.531,0,0,0,0,0
1.393|kb,10191861658230000,6,25,1,72057594037935875,2,-0.054,0.659,2.883,2,-0.070,0.971,2.867,2,-0.085,1.273,2.840,2,-0.090,1.428,2.827,2,-0.243,1.154,2.845,2,-0.508,1.103,2.829,2,-0.611,1.260,2.698,2,-0.615,1.335,2.651,2,0.105,1.151,2.834,2,0.354,1.112,2.805,2,0.519,1.257,2.643,2,0.568,1.315,2.593,2,-0.132,0.648,2.847,2,-0.156,0.317,2.939,2,-0.165,-0.178,3.031,2,-0.178,-0.198,2.941,2,0.025,0.654,2.849,2,0.091,0.282,2.928,2,0.130,-0.213,3.015,2,0.164,-0.227,2.925,2,-0.081,1.199,2.849,2,-0.598,1.406,2.630,2,-0.586,1.291,2.591,2,0.595,1.390,2.568,2,0.532,1.280,2.543,0,0,0,0,0
1.454|kb,10191868261260000,6,25,1,72057594037935875,2,-0.054,0.659,2.883,2,-0.070,0.971,2.867,2,-0.085,1.274,2.841,2,-0.090,1.427,2.827,2,-0.243,1.154,2.845,2,-0.473,1.097,2.844,2,-0.608,1.269,2.698,2,-0.618,1.335,2.657,2,0.104,1.150,2.834,2,0.353,1.107,2.805,2,0.537,1.232,2.648,2,0.593,1.293,2.604,2,-0.132,0.648,2.847,2,-0.156,0.317,2.939,2,-0.165,-0.185,3.031,2,-0.177,-0.191,2.938,2,0.024,0.654,2.849,2,0.091,0.282,2.928,2,0.130,-0.212,3.015,2,0.164,-0.226,2.925,2,-0.081,1.200,2.849,2,-0.604,1.408,2.637,2,-0.572,1.329,2.628,2,0.638,1.365,2.591,2,0.547,1.289,2.557,0,0,0,0,0
1.510|kb,10191874959920000,6,25,1,72057594037935875,2,-0.054,0.659,2.883,2,-0.070,0.971,2.868,2,-0.085,1.274,2.842,2,-0.089,1.428,2.828,2,-0.243,1.154,2.846,2,-0.466,1.091,2.853,2,-0.607,1.266,2.700,2,-0.619,1.331,2.659,2,0.104,1.150,2.834,2,0.348,1.101,2.809,2,0.547,1.212,2.661,2,0.612,1.271,2.615,2,-0.132,0.648,2.847,2,-0.157,0.317,2.939,2,-0.166,-0.196,3.034,2,-0.177,-0.193,2.938,2,0.024,0.654,2.850,2,0.091,0.282,2.928,2,0.130,-0.212,3.015,2,0.164,-0.226,2.925,2,-0.081,1.200,2.850,2,-0.613,1.400,2.662,2,-0.575,1.354,2.630,2,0.658,1.336,2.610,2,0.570,1.299,2.580,0,0,0,0,0
1.569|kb,10191878262320000,6,25,1,72057594037935875,2,-0.054,0.659,2.883,2,-0.070,0.971,2.868,2,-0.085,1.274,2.842,2,-0.088,1.428,2.829,2,-0.243,1.155,2.846,2,-0.464,1.090,2.855,2,-0.605,1.264,2.701,2,-0.614,1.333,2.652,2,0.104,1.150,2.835,2,0.344,1.097,2.811,2,0.549,1.202,2.666,2,0.623,1.260,2.621,2,-0.132,0.648,2.847,2,-0.157,0.316,2.939,2,-0.166,-0.205,3.036,2,-0.178,-0.196,2.938,2,0.024,0.654,2.850,2,0.091,0.282,2.928,2,0.130,-0.212,3.016,2,0.164,-0.225,2.925,2,-0.081,1.200,2.850,2,-0.612,1.416,2.651,2,-0.601,1.322,2.664,2,0.677,1.316,2.608,2,0.584,1.288,2.597,0,0,0,0,0
1.623|kb,10191884959200000,6,25,1,72057594037935875,2,-0.054,0.659,2.884,2,-0.070,0.971,2.868,2,-0.085,1.274,2.843,2,-0.088,1.428,2.828,2,-0.243,1.155,2.846,2,-0.465,1.089,2.856,2,-0.605,1.264,2.701,2,-0.622,1.330,2.661,2,0.103,1.149,2.835,2,0.344,1.093,2.812,2,0.565,1.170,2.672,2,0.642,1.230,2.627,2,-0.132,0.648,2.848,2,-0.157,0.316,2.940,2,-0.165,-0.131,3.025,2,-0.164,-0.110,2.866,2,0.024,0.653,2.851,2,0.091,0.280,2.930,2,0.130,-0.211,3.016,2,0.164,-0.225,2.928,2,-0.081,1.200,2.851,2,-0.621,1.391,2.653,2,-0.644,1.291,2.648,2,0.701,1.293,2.615,2,0.602,1.261,2.577,0,0,0,0,0
1.681|kb,10191891660330000,6,25,1,72057594037935875,2,-0.055,0.659,2.884,2,-0.070,0.971,2.868,2,-0.085,1.274,2.843,2,-0.087,1.428,2.828,2,-0.243,1.155,2.846,2,-0.466,1.093,2.853,2,-0.607,1.266,2.698,2,-0.615,1.335,2.653,2,0.103,1.148,2.836,2,0.340,1.085,2.813,2,0.569,1.147,2.678,2,0.663,1.198,2.639,2,-0.132,0.648,2.848,2,-0.157,0.316,2.940,2,-0.165,-0.136,3.025,2,-0.178,-0.192,2.943,2,0.024,0.653,2.852,2,0.091,0.280,2.930,2,0.130,-0.211,3.016,2,0.164,-0.225,2.927,2,-0.081,1.200,2.851,2,-0.605,1.417,2.648,2,-0.647,1.349,2.657,2,0.726,1.246,2.631,2,0.630,1.242,2.612,0,0,0,0,0
1.740|kb,10191894960610000,6,25,1,72057594037935875,2,-0.055,0.659,2.884,2,-0.070,0.971,2.868,2,-0.084,1.274,2.843,2,-0.086,1.428,2.828,2,-0.243,1.155,2.846,2,-0.466,1.094,2.852,2,-0.608,1.266,2.697,2,-0.615,1.334,2.656,2,0.102,1.148,2.836,2,0.338,1.081,2.814,2,0.571,1.133,2.684,2,0.667,1.176,2.643,2,-0.132,0.648,2.848,2,-0.157,0.318,2.939,2,-0.165,-0.146,3.025,2,-0.179,-0.196,2.942,2,0.024,0.653,2.852,2,0.091,0.280,2.930,2,0.130,-0.211,3.016,2,0.165,-0.224,2.927,2,-0.081,1.200,2.851,2,-0.609,1.422,2.653,2,-0.648,1.335,2.664,2,0.740,1.220,2.646,2,0.635,1.207,2.600,0,0,0,0,0
1.805|kb,10191901666670000,6,25,1,72057594037935875,2,-0.055,0.658,2.885,2,-0.070,0.972,2.869,2,-0.084,1.275,2.844,2,-0.086,1.428,2.829,2,-0.242,1.156,2.847,2,-0.478,1.094,2.851,2,-0.609,1.267,2.695,2,-0.613,1.335,2.654,2,0.102,1.148,2.837,2,0.332,1.070,2.814,2,0.569,1.091,2.699,2,0.680,1.133,2.655,2,-0.132,0.648,2.849,2,-0.157,0.318,2.940,2,-0.166,-0.153,3.026,2,-0.179,-0.195,2.939,2,0.024,0.653,2.853,2,0.090,0.278,2.931,2,0.130,-0.211,3.016,2,0.164,-0.224,2.927,2,-0.081,1.201,2.852,2,-0.603,1.416,2.649,2,-0.638,1.322,2.667,2,0.750,1.177,2.655,2,0.651,1.169,2.623,0,0,0,0,0
1.855|kb,10191908259200000,6,25,1,72057594037935875,2,-0.055,0.658,2.886,2,-0.070,0.972,2.870,2,-0.084,1.275,2.844,2,-0.085,1.428,2.829,2,-0.242,1.156,2.841,2,-0.481,1.094,2.850,2,-0.608,1.267,2.695,2,-0.614,1.336,2.653,2,0.101,1.146,2.837,2,0.327,1.060,2.816,2,0.576,1.066,2.706,2,0.682,1.082,2.665,2,-0.132,0.648,2.849,2,-0.157,0.317,2.940,2,-0.166,-0.147,3.028,2,-0.177,-0.186,2.941,2,0.024,0.653,2.853,2,0.090,0.279,2.931,2,0.129,-0.213,3.016,2,0.165,-0.225,2.926,2,-0.081,1.201,2.852,2,-0.608,1.419,2.650,2,-0.646,1.355,2.656,2,0.759,1.114,2.672,2,0.662,1.123,2.633,0,0,0,0,0
1.905|kb,10191914951490000,6,25,1,72057594037935875,2,-0.055,0.658,2.886,2,-0.070,0.972,2.870,2,-0.084,1.275,2.844,2,-0.084,1.427,2.829,2,-0.242,1.156,2.843,2,-0.482,1.094,2.850,2,-0.608,1.268,2.693,2,-0.613,1.335,2.648,2,0.100,1.146,2.838,2,0.321,1.052,2.820,2,0.546,1.024,2.726,2,0.640,1.023,2.687,2,-0.132,0.647,2.850,2,-0.157,0.317,2.940,2,-0.165,-0.161,3.029,2,-0.177,-0.194,2.938,2,0.024,0.652,2.854,2,0.091,0.279,2.931,2,0.130,-0.213,3.016,2,0.165,-0.226,2.927,2,-0.081,1.201,2.853,2,-0.603,1.408,2.644,2,-0.641,1.373,2.655,2,0.695,1.024,2.673,2,0.665,1.060,2.641,0,0,0,0,0
1.958|kb,10191918263090000,6,25,1,72057594037935875,2,-0.055,0.658,2.886,2,-0.070,0.972,2.870,2,-0.084,1.276,2.845,2,-0.084,1.427,2.829,2,-0.241,1.156,2.845,2,-0.482,1.094,2.849,2,-0.608,1.268,2.693,2,-0.614,1.339,2.655,2,0.100,1.146,2.838,2,0.315,1.047,2.820,2,0.566,0.997,2.723,2,0.660,0.999,2.691,2,-0.132,0.647,2.850,2,-0.157,0.317,2.940,2,-0.166,-0.158,3.030,2,-0.177,-0.189,2.939,2,0.024,0.652,2.854,2,0.091,0.275,2.934,2,0.131,-0.214,3.017,2,0.166,-0.227,2.928,2,-0.081,1.201,2.853,2,-0.599,1.421,2.645,2,-0.640,1.346,2.659,2,0.721,0.995,2.689,2,0.665,1.037,2.654,0,0,0,0,0
2.017|kb,10191924955880000,6,25,1,72057594037935875,2,-0.055,0.657,2.887,2,-0.070,0.971,2.870,2,-0.084,1.275,2.843,2,-0.083,1.427,2.831,2,-0.241,1.156,2.846,2,-0.477,1.096,2.847,2,-0.607,1.268,2.693,2,-0.610,1.335,2.651,2,0.100,1.144,2.839,2,0.310,1.034,2.820,2,0.558,0.964,2.733,2,0.651,0.946,2.704,2,-0.132,0.647,2.851,2,-0.157,0.317,2.940,2,-0.166,-0.164,3.030,2,-0.177,-0.192,2.939,2,0.024,0.652,2.855,2,0.091,0.276,2.933,2,0.130,-0.215,3.017,2,0.166,-0.227,2.927,2,-0.080,1.201,2.852,2,-0.585,1.418,2.632,2,-0.638,1.343,2.642,2,0.714,0.934,2.709,2,0.667,0.986,2.668,0,0,0,0,0
2.073|kb,10191928262970000,6,25,1,72057594037935875,2,-0.055,0.657,2.887,2,-0.070,0.971,2.870,2,-0.083,1.274,2.841,2,-0.082,1.427,2.831,2,-0.240,1.156,2.846,2,-0.479,1.096,2.847,2,-0.607,1.268,2.693,2,-0.610,1.338,2.651,2,0.100,1.144,2.840,2,0.305,1.029,2.821,2,0.553,0.953,2.737,2,0.645,0.920,2.712,2,-0.132,0.647,2.851,2,-0.157,0.317,2.941,2,-0.167,-0.172,3.032,2,-0.178,-0.197,2.937,2,0.024,0.652,2.855,2,0.091,0.277,2.934,2,0.131,-0.214,3.017,2,0.166,-0.227,2.927,2,-0.080,1.200,2.850,2,-0.593,1.417,2.644,2,-0.617,1.346,2.662,2,0.710,0.901,2.719,2,0.664,0.959,2.677,0,0,0,0,0
2.133|kb,10191934957720000,6,25,1,72057594037935875,2,-0.054,0.657,2.888,2,-0.070,0.971,2.871,2,-0.083,1.275,2.843,2,-0.080,1.427,2.831,2,-0.240,1.156,2.846,2,-0.481,1.095,2.847,2,-0.606,1.268,2.692,2,-0.607,1.335,2.646,2,0.099,1.143,2.841,2,0.301,1.007,2.820,2,0.541,0.901,2.745,2,0.656,0.860,2.725,2,-0.132,0.646,2.851,2,-0.157,0.317,2.941,2,-0.167,-0.175,3.032,2,-0.178,-0.197,2.936,2,0.025,0.651,2.855,2,0.091,0.278,2.933,2,0.131,-0.213,3.017,2,0.165,-0.226,2.927,2,-0.080,1.200,2.852,2,-0.606,1.430,2.652,2,-0.636,1.363,2.649,2,0.734,0.828,2.744,2,0.673,0.919,2.698,0,0,0,0,0
2.192|kb,10191941661170000,6,25,1,72057594037935875,2,-0.054,0.656,2.888,2,-0.070,0.971,2.872,2,-0.084,1.275,2.846,2,-0.078,1.428,2.834,2,-0.239,1.156,2.846,2,-0.483,1.095,2.845,2,-0.603,1.274,2.687,2,-0.607,1.339,2.648,2,0.098,1.142,2.840,2,0.301,0.992,2.821,2,0.530,0.859,2.752,2,0.633,0.804,2.739,2,-0.132,0.646,2.851,2,-0.157,0.316,2.942,2,-0.166,-0.158,3.033,2,-0.176,-0.180,2.943,2,0.025,0.651,2.856,2,0.091,0.279,2.933,2,0.131,-0.214,3.017,2,0.167,-0.227,2.928,2,-0.081,1.200,2.854,2,-0.606,1.412,2.647,2,-0.642,1.344,2.655,2,0.707,0.761,2.752,2,0.654,0.863,2.719,0,0,0,0,0
2.249|kb,10191948263640000,6,25,1,72057594037935875,2,-0.054,0.656,2.888,2,-0.069,0.971,2.872,2,-0.082,1.274,2.845,2,-0.076,1.429,2.835,2,-0.240,1.157,2.839,2,-0.494,1.099,2.839,2,-0.602,1.274,2.687,2,-0.605,1.338,2.644,2,0.099,1.142,2.842,2,0.296,0.968,2.822,2,0.512,0.812,2.759,2,0.615,0.745,2.752,2,-0.132,0.646,2.851,2,-0.157,0.316,2.942,2,-0.164,-0.125,3.024,2,-0.158,-0.117,2.868,2,0.025,0.651,2.856,2,0.092,0.275,2.935,2,0.130,-0.215,3.017,2,0.165,-0.228,2.925,2,-0.079,1.200,2.854,2,-0.598,1.419,2.647,2,-0.637,1.369,2.651,2,0.686,0.698,2.769,2,0.631,0.804,2.721,0,0,0,0,0
2.307|kb,10191954956740000,6,25,1,72057594037935875,2,-0.054,0.656,2.889,2,-0.068,0.970,2.873,2,-0.081,1.274,2.847,2,-0.074,1.428,2.836,2,-0.238,1.157,2.844,2,-0.491,1.098,2.840,2,-0.601,1.274,2.687,2,-0.601,1.339,2.645,2,0.099,1.139,2.843,2,0.287,0.952,2.824,2,0.484,0.771,2.770,2,0.543,0.726,2.757,2,-0.132,0.646,2.852,2,-0.157,0.316,2.943,2,-0.163,-0.109,3.020,2,-0.160,-0.120,2.867,2,0.025,0.650,2.857,2,0.092,0.277,2.934,2,0.130,-0.216,3.016,2,0.165,-0.228,2.925,2,-0.078,1.199,2.856,2,-0.584,1.405,2.613,2,-0.632,1.361,2.645,2,0.611,0.676,2.770,2,0.590,0.753,2.721,0,0,0,0,0
2.369|kb,10191958258940000,6,25,1,72057594037935875,2,-0.054,0.656,2.889,2,-0.068,0.970,2.874,2,-0.080,1.274,2.849,2,-0.073,1.428,2.837,2,-0.237,1.157,2.844,2,-0.490,1.098,2.840,2,-0.601,1.274,2.686,2,-0.604,1.340,2.648,2,0.099,1.139,2.844,2,0.276,0.946,2.825,2,0.461,0.750,2.779,2,0.541,0.693,2.763,2,-0.132,0.646,2.852,2,-0.157,0.316,2.943,2,-0.164,-0.126,3.025,2,-0.175,-0.191,2.945,2,0.025,0.650,2.857,2,0.091,0.278,2.934,2,0.130,-0.215,3.017,2,0.165,-0.227,2.926,2,-0.078,1.199,2.857,2,-0.589,1.417,2.634,2,-0.635,1.361,2.655,2,0.613,0.640,2.777,2,0.567,0.736,2.731,0,0,0,0,0
2.428|kb,10191964956450000,6,25,1,72057594037935875,2,-0.054,0.655,2.890,2,-0.067,0.970,2.874,2,-0.079,1.275,2.850,2,-0.071,1.427,2.836,2,-0.236,1.158,2.845,2,-0.489,1.098,2.840,2,-0.599,1.274,2.685,2,-0.600,1.340,2.641,2,0.100,1.136,2.844,2,0.268,0.929,2.826,2,0.446,0.726,2.783,2,0.529,0.639,2.778,2,-0.132,0.645,2.853,2,-0.156,0.317,2.943,2,-0.165,-0.151,3.028,2,-0.177,-0.196,2.943,2,0.025,0.649,2.858,2,0.092,0.278,2.933,2,0.129,-0.214,3.017,2,0.165,-0.225,2.925,2,-0.076,1.200,2.858,2,-0.593,1.426,2.637,2,-0.634,1.324,2.638,2,0.596,0.586,2.789,2,0.572,0.690,2.744,0,0,0,0,0
2.491|kb,10191971661640000,6,25,1,72057594037935875,2,-0.054,0.655,2.890,2,-0.067,0.970,2.875,2,-0.077,1.275,2.851,2,-0.070,1.427,2.836,2,-0.237,1.159,2.841,2,-0.486,1.099,2.841,2,-0.598,1.276,2.685,2,-0.598,1.338,2.639,2,0.100,1.136,2.844,2,0.258,0.911,2.827,2,0.415,0.691,2.781,2,0.479,0.620,2.782,2,-0.132,0.645,2.854,2,-0.156,0.317,2.944,2,-0.165,-0.105,3.024,2,-0.160,-0.102,2.868,2,0.025,0.649,2.858,2,0.092,0.279,2.933,2,0.130,-0.213,3.017,2,0.165,-0.225,2.926,2,-0.075,1.200,2.859,2,-0.574,1.403,2.610,2,-0.626,1.352,2.641,2,0.552,0.564,2.802,2,0.540,0.660,2.754,0,0,0,0,0
2.551|kb,10191978259550000,6,25,1,72057594037935875,2,-0.055,0.655,2.891,2,-0.066,0.970,2.876,2,-0.075,1.275,2.851,2,-0.069,1.426,2.836,2,-0.236,1.159,2.843,2,-0.484,1.099,2.840,2,-0.597,1.276,2.684,2,-0.595,1.339,2.639,2,0.101,1.135,2.845,2,0.246,0.900,2.826,2,0.388,0.669,2.788,2,0.448,0.594,2.786,2,-0.133,0.645,2.854,2,-0.156,0.316,2.944,2,-0.166,-0.127,3.025,2,-0.179,-0.185,2.942,2,0.025,0.649,2.859,2,0.091,0.281,2.932,2,0.130,-0.212,3.017,2,0.164,-0.225,2.926,2,-0.073,1.200,2.859,2,-0.581,1.414,2.627,2,-0.597,1.408,2.638,2,0.512,0.533,2.807,2,0.501,0.630,2.753,0,0,0,0,0
2.609|kb,10191984955550000,6,25,1,72057594037935875,2,-0.054,0.655,2.892,2,-0.065,0.970,2.877,2,-0.074,1.275,2.852,2,-0.068,1.426,2.836,2,-0.235,1.159,2.844,2,-0.484,1.100,2.839,2,-0.595,1.280,2.682,2,-0.597,1.344,2.639,2,0.102,1.134,2.846,2,0.237,0.893,2.828,2,0.367,0.655,2.797,2,0.404,0.589,2.787,2,-0.133,0.645,2.855,2,-0.155,0.313,2.946,2,-0.167,-0.145,3.027,2,-0.178,-0.190,2.941,2,0.025,0.649,2.860,2,0.091,0.283,2.932,2,0.130,-0.213,3.016,2,0.164,-0.226,2.926,2,-0.072,1.200,2.860,2,-0.590,1.422,2.628,2,-0.612,1.380,2.647,2,0.476,0.528,2.803,2,0.448,0.614,2.746,0,0,0,0,0
2.664|kb,10191988263900000,6,25,1,72057594037935875,2,-0.054,0.655,2.892,2,-0.065,0.970,2.877,2,-0.074,1.275,2.852,2,-0.067,1.426,2.836,2,-0.235,1.160,2.844,2,-0.484,1.101,2.839,2,-0.595,1.279,2.681,2,-0.597,1.340,2.637,2,0.102,1.134,2.844,2,0.232,0.891,2.828,2,0.357,0.650,2.798,2,0.390,0.586,2.786,2,-0.132,0.645,2.855,2,-0.155,0.313,2.946,2,-0.167,-0.159,3.030,2,-0.178,-0.193,2.941,2,0.025,0.649,2.860,2,0.091,0.283,2.932,2,0.130,-0.214,3.016,2,0.165,-0.226,2.925,2,-0.072,1.200,2.860,2,-0.581,1.402,2.614,2,-0.627,1.368,2.635,2,0.460,0.527,2.805,2,0.432,0.606,2.748,0,0,0,0,0
2.728|kb,10191994955180000,6,25,1,72057594037935875,2,-0.054,0.655,2.893,2,-0.065,0.970,2.877,2,-0.074,1.274,2.852,2,-0.066,1.426,2.836,2,-0.234,1.160,2.845,2,-0.483,1.100,2.838,2,-0.594,1.278,2.680,2,-0.595,1.343,2.639,2,0.102,1.133,2.847,2,0.224,0.885,2.829,2,0.338,0.638,2.801,2,0.370,0.578,2.786,2,-0.132,0.645,2.856,2,-0.155,0.313,2.947,2,-0.167,-0.167,3.031,2,-0.179,-0.193,2.941,2,0.025,0.648,2.862,2,0.091,0.284,2.932,2,0.130,-0.216,3.017,2,0.166,-0.227,2.925,2,-0.072,1.200,2.860,2,-0.594,1.418,2.639,2,-0.626,1.327,2.641,2,0.432,0.519,2.805,2,0.438,0.581,2.759,0,0,0,0,0
2.802|kb,10192001661390000,6,25,1,72057594037935875,2,-0.054,0.654,2.895,2,-0.065,0.970,2.879,2,-0.073,1.275,2.854,2,-0.066,1.426,2.837,2,-0.233,1.160,2.845,2,-0.483,1.101,2.837,2,-0.593,1.277,2.679,2,-0.597,1.334,2.628,2,0.103,1.131,2.849,2,0.218,0.880,2.828,2,0.324,0.629,2.798,2,0.368,0.527,2.807,2,-0.132,0.645,2.857,2,-0.155,0.312,2.947,2,-0.166,-0.132,3.024,2,-0.160,-0.117,2.867,2,0.025,0.648,2.863,2,0.091,0.284,2.933,2,0.130,-0.217,3.017,2,0.165,-0.229,2.925,2,-0.071,1.200,2.862,2,-0.597,1.409,2.632,2,-0.626,1.355,2.636,2,0.415,0.468,2.834,2,0.417,0.569,2.757,0,0,0,0,0
2.860|kb,10192008263060000,6,25,1,72057594037935875,2,-0.054,0.654,2.895,2,-0.064,0.970,2.879,2,-0.073,1.275,2.854,2,-0.065,1.426,2.838,2,-0.233,1.160,2.845,2,-0.483,1.102,2.836,2,-0.593,1.276,2.678,2,-0.594,1.337,2.630,2,0.103,1.130,2.849,2,0.213,0.877,2.827,2,0.317,0.626,2.795,2,0.360,0.523,2.806,2,-0.132,0.645,2.857,2,-0.155,0.312,2.948,2,-0.167,-0.144,3.027,2,-0.180,-0.195,2.942,2,0.025,0.648,2.863,2,0.091,0.284,2.933,2,0.130,-0.216,3.017,2,0.166,-0.228,2.926,2,-0.071,1.200,2.862,2,-0.575,1.413,2.620,2,-0.576,1.310,2.574,2,0.400,0.470,2.828,2,0.414,0.564,2.753,0,0,0,0,0
2.922|kb,10192014950230000,6,25,1,72057594037935875,2,-0.054,0.654,2.895,2,-0.064,0.969,2.880,2,-0.073,1.274,2.854,2,-0.065,1.426,2.838,2,-0.232,1.160,2.845,2,-0.483,1.102,2.835,2,-0.593,1.279,2.673,2,-0.597,1.342,2.631,2,0.102,1.130,2.850,2,0.209,0.875,2.828,2,0.313,0.624,2.795,2,0.360,0.523,2.808,2,-0.132,0.645,2.858,2,-0.156,0.311,2.948,2,-0.167,-0.155,3.029,2,-0.179,-0.195,2.941,2,0.025,0.647,2.864,2,0.091,0.284,2.933,2,0.130,-0.216,3.017,2,0.166,-0.229,2.926,2,-0.071,1.200,2.863,2,-0.578,1.405,2.611,2,-0.553,1.327,2.602,2,0.404,0.467,2.830,2,0.416,0.566,2.753,0,0,0,0,0
2.979|kb,10192021659270000,6,25,1,72057594037935875,2,-0.054,0.654,2.896,2,-0.064,0.969,2.880,2,-0.073,1.274,2.854,2,-0.065,1.426,2.838,2,-0.232,1.160,2.845,2,-0.482,1.101,2.834,2,-0.593,1.276,2.672,2,-0.595,1.339,2.629,2,0.102,1.129,2.850,2,0.208,0.874,2.829,2,0.312,0.623,2.794,2,0.363,0.525,2.805,2,-0.132,0.645,2.858,2,-0.156,0.311,2.948,2,-0.167,-0.129,3.024,2,-0.160,-0.117,2.868,2,0.025,0.647,2.865,2,0.091,0.285,2.933,2,0.129,-0.218,3.016,2,0.167,-0.229,2.925,2,-0.071,1.199,2.863,2,-0.579,1.411,2.613,2,-0.573,1.305,2.573,2,0.411,0.470,2.826,2,0.415,0.567,2.752,0,0,0,0,0
3.037|kb,10192024952820000,6,25,1,72057594037935875,2,-0.054,0.654,2.896,2,-0.064,0.969,2.880,2,-0.073,1.274,2.855,2,-0.065,1.426,2.838,2,-0.232,1.161,2.846,2,-0.483,1.101,2.833,2,-0.593,1.276,2.672,2,-0.597,1.340,2.630,2,0.101,1.129,2.851,2,0.208,0.874,2.829,2,0.312,0.623,2.794,2,0.365,0.524,2.806,2,-0.132,0.645,2.858,2,-0.156,0.311,2.949,2,-0.167,-0.147,3.027,2,-0.177,-0.196,2.942,2,0.025,0.647,2.865,2,0.091,0.285,2.933,2,0.129,-0.217,3.016,2,0.166,-0.229,2.926,2,-0.071,1.200,2.863,2,-0.580,1.412,2.611,2,-0.551,1.319,2.573,2,0.410,0.469,2.825,2,0.419,0.569,2.757,0,0,0,0,0
3.092|kb,10192031664400000,6,25,1,72057594037935875,2,-0.054,0.654,2.896,2,-0.065,0.970,2.881,2,-0.075,1.276,2.856,2,-0.065,1.425,2.838,2,-0.232,1.161,2.846,2,-0.483,1.101,2.833,2,-0.593,1.274,2.672,2,-0.598,1.339,2.632,2,0.101,1.129,2.851,2,0.209,0.875,2.827,2,0.315,0.625,2.793,2,0.373,0.526,2.801,2,-0.132,0.645,2.858,2,-0.156,0.312,2.948,2,-0.166,-0.109,3.023,2,-0.159,-0.106,2.868,2,0.025,0.647,2.865,2,0.091,0.286,2.933,2,0.129,-0.217,3.016,2,0.166,-0.229,2.926,2,-0.072,1.201,2.864,2,-0.581,1.401,2.611,2,-0.558,1.315,2.566,2,0.425,0.471,2.819,2,0.429,0.572,2.761,0,0,0,0,0
3.151|kb,10192038262730000,6,25,1,72057594037935875,2,-0.054,0.654,2.897,2,-0.065,0.970,2.881,2,-0.076,1.275,2.856,2,-0.065,1.426,2.840,2,-0.232,1.162,2.847,2,-0.485,1.102,2.832,2,-0.593,1.275,2.672,2,-0.600,1.343,2.634,2,0.100,1.129,2.853,2,0.210,0.876,2.827,2,0.321,0.628,2.791,2,0.384,0.535,2.795,2,-0.132,0.645,2.859,2,-0.156,0.313,2.948,2,-0.166,-0.133,3.027,2,-0.176,-0.189,2.943,2,0.025,0.648,2.866,2,0.091,0.286,2.934,2,0.129,-0.217,3.016,2,0.167,-0.229,2.926,2,-0.073,1.201,2.864,2,-0.584,1.411,2.621,2,-0.567,1.326,2.585,2,0.427,0.477,2.817,2,0.431,0.581,2.743,0,0,0,0,0
3.209|kb,10192044952210000,6,25,1,72057594037935875,2,-0.054,0.654,2.897,2,-0.065,0.970,2.881,2,-0.077,1.274,2.856,2,-0.065,1.425,2.841,2,-0.232,1.162,2.847,2,-0.485,1.101,2.832,2,-0.593,1.274,2.672,2,-0.599,1.337,2.630,2,0.099,1.129,2.853,2,0.212,0.877,2.827,2,0.326,0.631,2.789,2,0.395,0.544,2.789,2,-0.132,0.645,2.859,2,-0.156,0.312,2.949,2,-0.167,-0.154,3.029,2,-0.177,-0.195,2.941,2,0.025,0.648,2.866,2,0.091,0.286,2.934,2,0.130,-0.218,3.016,2,0.167,-0.230,2.924,2,-0.074,1.200,2.865,2,-0.589,1.412,2.594,2,-0.571,1.300,2.578,2,0.441,0.480,2.811,2,0.448,0.593,2.750,0,0,0,0,0
3.264|kb,10192048260640000,6,25,1,72057594037935875,2,-0.054,0.654,2.897,2,-0.066,0.969,2.881,2,-0.079,1.274,2.856,2,-0.065,1.425,2.841,2,-0.232,1.161,2.846,2,-0.485,1.101,2.832,2,-0.594,1.273,2.672,2,-0.598,1.341,2.631,2,0.099,1.129,2.854,2,0.213,0.878,2.826,2,0.330,0.633,2.787,2,0.395,0.537,2.790,2,-0.132,0.645,2.859,2,-0.156,0.312,2.949,2,-0.167,-0.102,3.024,2,-0.160,-0.099,2.869,2,0.025,0.648,2.867,2,0.091,0.287,2.934,2,0.130,-0.219,3.016,2,0.167,-0.230,2.924,2,-0.076,1.200,2.864,2,-0.590,1.410,2.622,2,-0.564,1.313,2.578,2,0.443,0.486,2.804,2,0.443,0.585,2.741,0,0,0,0,0
3.328|kb,10192054951720000,6,25,1,72057594037935875,2,-0.054,0.654,2.898,2,-0.066,0.970,2.882,2,-0.079,1.275,2.857,2,-0.066,1.425,2.841,2,-0.232,1.161,2.847,2,-0.485,1.101,2.832,2,-0.594,1.273,2.673,2,-0.601,1.343,2.635,2,0.099,1.129,2.855,2,0.214,0.879,2.826,2,0.334,0.636,2.786,2,0.400,0.544,2.786,2,-0.132,0.645,2.860,2,-0.156,0.312,2.949,2,-0.167,-0.131,3.026,2,-0.178,-0.188,2.942,2,0.025,0.648,2.867,2,0.092,0.287,2.934,2,0.130,-0.219,3.016,2,0.167,-0.230,2.924,2,-0.076,1.200,2.865,2,-0.586,1.415,2.629,2,-0.574,1.309,2.590,2,0.448,0.486,2.803,2,0.450,0.593,2.734,0,0,0,0,0
3.390|kb,10192061659660000,6,25,1,72057594037935875,2,-0.054,0.654,2.898,2,-0.067,0.970,2.883,2,-0.081,1.275,2.858,2,-0.066,1.425,2.841,2,-0.232,1.161,2.847,2,-0.485,1.100,2.832,2,-0.595,1.272,2.674,2,-0.603,1.337,2.636,2,0.099,1.130,2.856,2,0.215,0.880,2.826,2,0.336,0.638,2.785,2,0.384,0.582,2.774,2,-0.132,0.645,2.860,2,-0.156,0.312,2.949,2,-0.166,-0.123,3.024,2,-0.157,-0.116,2.869,2,0.025,0.648,2.867,2,0.092,0.287,2.935,2,0.130,-0.218,3.016,2,0.166,-0.230,2.924,2,-0.078,1.200,2.866,2,-0.601,1.407,2.644,2,-0.578,1.309,2.596,2,0.445,0.518,2.786,2,0.425,0.612,2.727,0,0,0,0,0
3.443|kb,10192068260310000,6,25,1,72057594037935875,2,-0.054,0.654,2.898,2,-0.067,0.970,2.883,2,-0.081,1.275,2.858,2,-0.066,1.426,2.842,2,-0.232,1.161,2.847,2,-0.484,1.099,2.833,2,-0.595,1.273,2.673,2,-0.603,1.337,2.634,2,0.098,1.130,2.856,2,0.216,0.881,2.826,2,0.339,0.639,2.785,2,0.387,0.582,2.774,2,-0.132,0.645,2.860,2,-0.156,0.312,2.950,2,-0.165,-0.114,3.022,2,-0.157,-0.117,2.869,2,0.026,0.648,2.868,2,0.092,0.288,2.935,2,0.130,-0.218,3.016,2,0.167,-0.230,2.924,2,-0.078,1.200,2.866,2,-0.609,1.406,2.641,2,-0.565,1.321,2.595,2,0.445,0.519,2.790,2,0.430,0.612,2.722,0,0,0,0,0
3.500|kb,10192071669930000,6,25,1,72057594037935875,2,-0.054,0.654,2.898,2,-0.067,0.970,2.883,2,-0.082,1.274,2.858,2,-0.067,1.426,2.842,2,-0.232,1.161,2.847,2,-0.484,1.099,2.833,2,-0.595,1.273,2.674,2,-0.602,1.338,2.637,2,0.098,1.130,2.856,2,0.218,0.881,2.826,2,0.341,0.640,2.785,2,0.390,0.583,2.777,2,-0.132,0.645,2.860,2,-0.156,0.312,2.950,2,-0.164,-0.102,3.021,2,-0.156,-0.113,2.869,2,0.026,0.648,2.868,2,0.092,0.288,2.935,2,0.130,-0.218,3.016,2,0.167,-0.230,2.924,2,-0.078,1.200,2.867,2,-0.587,1.397,2.600,2,-0.564,1.337,2.594,2,0.452,0.519,2.789,2,0.434,0.613,2.732,0,0,0,0,0
3.561|kb,10192078264410000,6,25,1,72057594037935875,2,-0.053,0.654,2.898,2,-0.067,0.970,2.883,2,-0.082,1.274,2.858,2,-0.067,1.425,2.842,2,-0.233,1.159,2.846,2,-0.485,1.099,2.833,2,-0.595,1.272,2.675,2,-0.603,1.336,2.636,2,0.098,1.130,2.856,2,0.219,0.882,2.826,2,0.344,0.642,2.785,2,0.391,0.583,2.773,2,-0.131,0.645,2.860,2,-0.156,0.313,2.950,2,-0.163,-0.097,3.020,2,-0.156,-0.113,2.869,2,0.026,0.648,2.868,2,0.092,0.288,2.935,2,0.130,-0.218,3.015,2,0.167,-0.231,2.924,2,-0.078,1.200,2.867,2,-0.587,1.400,2.613,2,-0.549,1.326,2.593,2,0.453,0.520,2.797,2,0.432,0.614,2.725,0,0,0,0,0
3.620|kb,10192084954620000,6,25,1,72057594037935875,2,-0.053,0.654,2.899,2,-0.067,0.970,2.883,2,-0.081,1.274,2.858,2,-0.067,1.425,2.842,2,-0.233,1.159,2.847,2,-0.484,1.098,2.834,2,-0.595,1.272,2.674,2,-0.602,1.335,2.631,2,0.098,1.129,2.856,2,0.219,0.882,2.826,2,0.345,0.642,2.786,2,0.392,0.584,2.775,2,-0.131,0.645,2.860,2,-0.156,0.313,2.949,2,-0.165,-0.131,3.028,2,-0.176,-0.186,2.943,2,0.026,0.648,2.868,2,0.092,0.287,2.936,2,0.130,-0.218,3.015,2,0.167,-0.230,2.924,2,-0.078,1.200,2.867,2,-0.585,1.409,2.616,2,-0.564,1.297,2.577,2,0.449,0.519,2.787,2,0.426,0.617,2.726,0,0,0,0,0
3.678|kb,10192091659520000,6,25,1,72057594037935875,2,-0.053,0.654,2.899,2,-0.067,0.970,2.884,2,-0.082,1.275,2.860,2,-0.067,1.425,2.842,2,-0.233,1.159,2.847,2,-0.484,1.098,2.833,2,-0.596,1.271,2.674,2,-0.601,1.337,2.635,2,0.098,1.129,2.856,2,0.220,0.882,2.826,2,0.346,0.642,2.786,2,0.392,0.584,2.772,2,-0.131,0.645,2.860,2,-0.156,0.313,2.949,2,-0.165,-0.109,3.025,2,-0.157,-0.101,2.869,2,0.026,0.648,2.868,2,0.092,0.287,2.936,2,0.130,-0.218,3.015,2,0.166,-0.231,2.925,2,-0.078,1.200,2.867,2,-0.586,1.413,2.616,2,-0.558,1.322,2.606,2,0.452,0.519,2.788,2,0.433,0.615,2.727,0,0,0,0,0
3.732|kb,10192094953360000,6,25,1,72057594037935875,2,-0.053,0.654,2.899,2,-0.067,0.970,2.884,2,-0.082,1.274,2.859,2,-0.067,1.425,2.843,2,-0.233,1.159,2.847,2,-0.484,1.097,2.833,2,-0.596,1.271,2.674,2,-0.600,1.340,2.632,2,0.098,1.129,2.856,2,0.220,0.882,2.826,2,0.346,0.642,2.785,2,0.392,0.584,2.772,2,-0.131,0.645,2.860,2,-0.156,0.313,2.949,2,-0.165,-0.096,3.023,2,-0.157,-0.100,2.869,2,0.026,0.648,2.868,2,0.092,0.287,2.936,2,0.130,-0.218,3.015,2,0.166,-0.231,2.925,2,-0.078,1.200,2.867,2,-0.590,1.423,2.627,2,-0.573,1.318,2.588,2,0.452,0.519,2.790,2,0.433,0.615,2.721,0,0,0,0,0
3.792|kb,10192101662040000,6,25,1,72057594037935875,2,-0.053,0.654,2.899,2,-0.067,0.970,2.884,2,-0.081,1.275,2.860,2,-0.067,1.425,2.843,2,-0.233,1.159,2.847,2,-0.484,1.097,2.834,2,-0.596,1.271,2.674,2,-0.601,1.339,2.637,2,0.098,1.130,2.856,2,0.221,0.883,2.826,2,0.346,0.643,2.785,2,0.391,0.584,2.772,2,-0.131,0.645,2.861,2,-0.156,0.313,2.949,2,-0.164,-0.091,3.022,2,-0.156,-0.103,2.870,2,0.026,0.648,2.868,2,0.092,0.287,2.936,2,0.130,-0.217,3.015,2,0.167,-0.231,2.925,2,-0.078,1.200,2.867,2,-0.593,1.427,2.627,2,-0.569,1.297,2.570,2,0.448,0.520,2.788,2,0.433,0.614,2.727,0,0,0,0,0
3.849|kb,10192108259120000,6,25,1,72057594037935875,2,-0.053,0.654,2.899,2,-0.067,0.970,2.884,2,-0.081,1.275,2.860,2,-0.067,1.425,2.843,2,-0.233,1.159,2.847,2,-0.484,1.097,2.834,2,-0.596,1.271,2.674,2,-0.603,1.333,2.630,2,0.098,1.130,2.856,2,0.221,0.883,2.826,2,0.346,0.643,2.785,2,0.392,0.584,2.772,2,-0.131,0.645,2.861,2,-0.155,0.312,2.950,2,-0.164,-0.089,3.021,2,-0.157,-0.106,2.869,2,0.026,0.648,2.868,2,0.092,0.287,2.936,2,0.130,-0.217,3.015,2,0.166,-0.231,2.926,2,-0.077,1.200,2.868,2,-0.596,1.421,2.636,2,-0.572,1.310,2.568,2,0.448,0.521,2.785,2,0.434,0.614,2.725,0,0,0,0,0
3.908|kb,10192114951170000,6,25,1,72057594037935875,2,-0.053,0.654,2.899,2,-0.067,0.970,2.884,2,-0.080,1.275,2.860,2,-0.067,1.425,2.842,2,-0.233,1.159,2.847,2,-0.484,1.097,2.834,2,-0.596,1.272,2.673,2,-0.599,1.334,2.630,2,0.098,1.130,2.856,2,0.222,0.883,2.826,2,0.347,0.643,2.785,2,0.393,0.583,2.771,2,-0.131,0.645,2.861,2,-0.155,0.313,2.950,2,-0.164,-0.136,3.028,2,-0.177,-0.188,2.940,2,0.026,0.648,2.868,2,0.092,0.287,2.936,2,0.130,-0.217,3.015,2,0.167,-0.231,2.925,2,-0.077,1.200,2.868,2,-0.601,1.405,2.632,2,-0.554,1.327,2.595,2,0.460,0.518,2.786,2,0.432,0.614,2.720,0,0,0,0,0
3.962|kb,10192118258170000,6,25,1,72057594037935875,2,-0.053,0.654,2.899,2,-0.067,0.970,2.884,2,-0.080,1.275,2.860,2,-0.067,1.425,2.842,2,-0.233,1.159,2.847,2,-0.484,1.097,2.835,2,-0.596,1.272,2.673,2,-0.601,1.339,2.632,2,0.099,1.130,2.856,2,0.222,0.883,2.825,2,0.347,0.643,2.784,2,0.393,0.583,2.772,2,-0.131,0.645,2.861,2,-0.155,0.313,2.950,2,-0.166,-0.163,3.031,2,-0.179,-0.192,2.939,2,0.026,0.648,2.868,2,0.092,0.287,2.936,2,0.130,-0.217,3.015,2,0.167,-0.231,2.925,2,-0.077,1.200,2.868,2,-0.583,1.409,2.601,2,-0.556,1.321,2.594,2,0.459,0.519,2.787,2,0.434,0.614,2.726,0,0,0,0,0
4.020|kb,10192124954600000,6,25,1,72057594037935875,2,-0.053,0.654,2.899,2,-0.067,0.970,2.884,2,-0.080,1.274,2.859,2,-0.067,1.426,2.842,2,-0.233,1.159,2.847,2,-0.485,1.097,2.834,2,-0.596,1.272,2.674,2,-0.601,1.339,2.637,2,0.098,1.130,2.856,2,0.222,0.883,2.825,2,0.347,0.643,2.784,2,0.394,0.583,2.774,2,-0.131,0.645,2.860,2,-0.155,0.313,2.949,2,-0.165,-0.178,3.034,2,-0.179,-0.196,2.940,2,0.026,0.648,2.868,2,0.092,0.286,2.936,2,0.130,-0.217,3.015,2,0.166,-0.230,2.926,2,-0.077,1.200,2.867,2,-0.591,1.421,2.629,2,-0.563,1.308,2.588,2,0.460,0.519,2.789,2,0.439,0.616,2.726,0,0,0,0,0
4.075|kb,10192131667730000,6,25,1,72057594037935875,2,-0.053,0.654,2.899,2,-0.067,0.969,2.883,2,-0.080,1.273,2.858,2,-0.067,1.426,2.842,2,-0.233,1.159,2.847,2,-0.485,1.097,2.834,2,-0.596,1.272,2.674,2,-0.600,1.339,2.633,2,0.098,1.130,2.856,2,0.222,0.884,2.824,2,0.347,0.643,2.784,2,0.394,0.582,2.771,2,-0.131,0.645,2.860,2,-0.155,0.313,2.949,2,-0.165,-0.185,3.035,2,-0.177,-0.195,2.939,2,0.026,0.648,2.868,2,0.092,0.286,2.935,2,0.130,-0.217,3.015,2,0.166,-0.230,2.925,2,-0.077,1.199,2.867,2,-0.593,1.417,2.632,2,-0.559,1.318,2.592,2,0.460,0.518,2.785,2,0.439,0.616,2.728,0,0,0,0,0
4.133|kb,10192134952710000,6,25,1,72057594037935875,2,-0.053,0.654,2.899,2,-0.067,0.969,2.883,2,-0.080,1.273,2.858,2,-0.067,1.425,2.842,2,-0.233,1.159,2.847,2,-0.486,1.097,2.832,2,-0.596,1.272,2.673,2,-0.600,1.337,2.628,2,0.098,1.130,2.856,2,0.222,0.884,2.824,2,0.347,0.643,2.784,2,0.393,0.583,2.772,2,-0.131,0.645,2.860,2,-0.155,0.313,2.949,2,-0.165,-0.180,3.036,2,-0.176,-0.187,2.941,2,0.026,0.648,2.868,2,0.092,0.287,2.935,2,0.130,-0.217,3.015,2,0.167,-0.230,2.925,2,-0.077,1.199,2.866,2,-0.584,1.415,2.619,2,-0.559,1.314,2.587,2,0.459,0.518,2.786,2,0.440,0.616,2.729,0,0,0,0,0
4.190|kb,10192141666950000,6,25,1,72057594037935875,2,-0.053,0.654,2.899,2,-0.067,0.969,2.883,2,-0.081,1.273,2.859,2,-0.067,1.425,2.842,2,-0.233,1.159,2.847,2,-0.485,1.097,2.832,2,-0.596,1.271,2.673,2,-0.601,1.335,2.631,2,0.098,1.130,2.855,2,0.223,0.884,2.824,2,0.348,0.643,2.784,2,0.393,0.583,2.771,2,-0.131,0.645,2.860,2,-0.155,0.313,2.949,2,-0.168,-0.183,3.037,2,-0.177,-0.187,2.941,2,0.026,0.648,2.868,2,0.092,0.287,2.935,2,0.129,-0.218,3.015,2,0.167,-0.230,2.925,2,-0.077,1.199,2.867,2,-0.591,1.414,2.615,2,-0.555,1.324,2.598,2,0.459,0.519,2.787,2,0.433,0.615,2.723,0,0,0,0,0
4.242|kb,10192148266140000,6,25,1,72057594037935875,2,-0.053,0.654,2.898,2,-0.067,0.969,2.883,2,-0.081,1.273,2.858,2,-0.067,1.425,2.842,2,-0.233,1.159,2.847,2,-0.485,1.097,2.833,2,-0.596,1.271,2.673,2,-0.599,1.333,2.625,2,0.098,1.130,2.855,2,0.223,0.884,2.824,2,0.348,0.644,2.784,2,0.394,0.584,2.770,2,-0.131,0.645,2.860,2,-0.156,0.313,2.949,2,-0.168,-0.187,3.036,2,-0.177,-0.189,2.941,2,0.026,0.648,2.867,2,0.092,0.287,2.935,2,0.129,-0.218,3.015,2,0.167,-0.230,2.924,2,-0.077,1.199,2.866,2,-0.584,1.411,2.612,2,-0.577,1.303,2.558,2,0.459,0.518,2.783,2,0.435,0.616,2.724,0,0,0,0,0
4.301|kb,10192151665160000,6,25,1,72057594037935875,2,-0.053,0.655,2.898,2,-0.067,0.969,2.883,2,-0.081,1.273,2.858,2,-0.067,1.426,2.842,2,-0.233,1.159,2.847,2,-0.485,1.097,2.833,2,-0.595,1.271,2.674,2,-0.603,1.337,2.639,2,0.098,1.130,2.855,2,0.223,0.884,2.824,2,0.348,0.644,2.784,2,0.394,0.583,2.771,2,-0.131,0.645,2.860,2,-0.156,0.313,2.949,2,-0.167,-0.191,3.036,2,-0.177,-0.192,2.941,2,0.026,0.648,2.867,2,0.092,0.287,2.935,2,0.130,-0.218,3.015,2,0.167,-0.230,2.924,2,-0.078,1.199,2.866,2,-0.594,1.421,2.628,2,-0.552,1.334,2.610,2,0.460,0.519,2.788,2,0.438,0.615,2.728,0,0,0,0,0
4.359|kb,10192158261760000,6,25,1,72057594037935875,2,-0.053,0.655,2.898,2,-0.067,0.970,2.882,2,-0.080,1.274,2.856,2,-0.067,1.426,2.840,2,-0.233,1.159,2.846,2,-0.485,1.097,2.832,2,-0.595,1.270,2.674,2,-0.602,1.341,2.633,2,0.098,1.131,2.854,2,0.223,0.885,2.823,2,0.348,0.645,2.784,2,0.392,0.586,2.768,2,-0.131,0.645,2.860,2,-0.156,0.313,2.949,2,-0.164,-0.102,3.022,2,-0.156,-0.095,2.867,2,0.026,0.649,2.867,2,0.092,0.288,2.934,2,0.130,-0.218,3.015,2,0.167,-0.230,2.925,2,-0.077,1.200,2.865,2,-0.591,1.417,2.623,2,-0.558,1.318,2.585,2,0.460,0.525,2.782,2,0.437,0.616,2.727,0,0,0,0,0
4.421|kb,10192164957070000,6,25,1,72057594037935875,2,-0.053,0.655,2.898,2,-0.067,0.970,2.882,2,-0.080,1.276,2.856,2,-0.067,1.427,2.840,2,-0.234,1.159,2.846,2,-0.485,1.097,2.833,2,-0.595,1.271,2.674,2,-0.600,1.337,2.633,2,0.098,1.130,2.854,2,0.223,0.885,2.823,2,0.348,0.645,2.783,2,0.393,0.586,2.770,2,-0.131,0.646,2.859,2,-0.156,0.313,2.949,2,-0.163,-0.075,3.017,2,-0.157,-0.099,2.867,2,0.026,0.649,2.867,2,0.092,0.288,2.934,2,0.130,-0.218,3.015,2,0.167,-0.230,2.924,2,-0.077,1.201,2.865,2,-0.586,1.415,2.625,2,-0.580,1.303,2.574,2,0.459,0.524,2.778,2,0.437,0.615,2.727,0,0,0,0,0
4.475|kb,10192171657970000,6,25,1,72057594037935875,2,-0.054,0.655,2.897,2,-0.067,0.971,2.882,2,-0.079,1.276,2.856,2,-0.067,1.427,2.839,2,-0.236,1.160,2.837,2,-0.485,1.098,2.832,2,-0.596,1.272,2.673,2,-0.600,1.338,2.628,2,0.098,1.131,2.854,2,0.223,0.885,2.822,2,0.348,0.645,2.783,2,0.392,0.586,2.766,2,-0.131,0.646,2.859,2,-0.156,0.313,2.948,2,-0.164,-0.060,3.013,2,-0.154,-0.099,2.866,2,0.025,0.649,2.866,2,0.092,0.287,2.934,2,0.130,-0.218,3.015,2,0.167,-0.230,2.923,2,-0.076,1.201,2.864,2,-0.586,1.413,2.616,2,-0.569,1.311,2.580,2,0.458,0.523,2.778,2,0.429,0.616,2.718,0,0,0,0,0
4.530|kb,10192174952740000,6,25,1,72057594037935875,2,-0.054,0.655,2.897,2,-0.067,0.971,2.881,2,-0.079,1.276,2.855,2,-0.067,1.427,2.839,2,-0.235,1.160,2.839,2,-0.485,1.098,2.832,2,-0.596,1.272,2.673,2,-0.602,1.334,2.631,2,0.098,1.131,2.853,2,0.223,0.885,2.822,2,0.348,0.645,2.782,2,0.393,0.586,2.766,2,-0.131,0.646,2.858,2,-0.156,0.313,2.948,2,-0.164,-0.050,3.012,2,-0.155,-0.097,2.866,2,0.025,0.649,2.866,2,0.092,0.287,2.934,2,0.130,-0.218,3.014,2,0.167,-0.230,2.923,2,-0.076,1.201,2.864,2,-0.596,1.418,2.628,2,-0.568,1.299,2.574,2,0.458,0.523,2.778,2,0.439,0.616,2.723,0,0,0,0,0
4.594|kb,10192181665020000,6,25,1,72057594037935875,2,-0.054,0.656,2.896,2,-0.067,0.971,2.881,2,-0.079,1.275,2.855,2,-0.067,1.427,2.838,2,-0.234,1.160,2.839,2,-0.485,1.098,2.832,2,-0.596,1.273,2.671,2,-0.601,1.334,2.627,2,0.098,1.131,2.853,2,0.223,0.885,2.821,2,0.348,0.645,2.782,2,0.392,0.586,2.768,2,-0.131,0.646,2.858,2,-0.156,0.313,2.948,2,-0.166,-0.116,3.025,2,-0.178,-0.183,2.942,2,0.025,0.649,2.866,2,0.092,0.289,2.933,2,0.130,-0.218,3.015,2,0.167,-0.230,2.923,2,-0.076,1.201,2.863,2,-0.590,1.401,2.624,2,-0.582,1.302,2.560,2,0.459,0.524,2.783,2,0.435,0.615,2.724,0,0,0,0,0
4.655|kb,10192188258900000,6,25,1,72057594037935875,2,-0.054,0.656,2.896,2,-0.067,0.971,2.880,2,-0.078,1.275,2.853,2,-0.067,1.426,2.836,2,-0.234,1.160,2.840,2,-0.485,1.098,2.832,2,-0.596,1.272,2.670,2,-0.602,1.332,2.624,2,0.098,1.130,2.851,2,0.223,0.885,2.821,2,0.349,0.645,2.781,2,0.392,0.586,2.765,2,-0.132,0.646,2.858,2,-0.156,0.313,2.947,2,-0.166,-0.139,3.029,2,-0.180,-0.178,2.943,2,0.025,0.649,2.865,2,0.092,0.289,2.932,2,0.130,-0.218,3.015,2,0.166,-0.232,2.925,2,-0.076,1.200,2.862,2,-0.587,1.421,2.629,2,-0.573,1.304,2.575,2,0.457,0.522,2.773,2,0.436,0.615,2.724,0,0,0,0,0
4.734|kb,10192194951910000,6,25,1,72057594037935875,2,-0.054,0.656,2.895,2,-0.067,0.970,2.876,2,-0.079,1.273,2.845,2,-0.067,1.426,2.835,2,-0.234,1.160,2.841,2,-0.478,1.097,2.831,2,-0.596,1.272,2.670,2,-0.600,1.333,2.625,2,0.097,1.130,2.850,2,0.223,0.885,2.820,2,0.348,0.645,2.780,2,0.392,0.586,2.765,2,-0.132,0.646,2.857,2,-0.157,0.313,2.947,2,-0.167,-0.128,3.026,2,-0.158,-0.105,2.868,2,0.025,0.649,2.864,2,0.092,0.289,2.932,2,0.130,-0.218,3.014,2,0.166,-0.231,2.924,2,-0.076,1.199,2.855,2,-0.586,1.402,2.604,2,-0.588,1.315,2.575,2,0.458,0.523,2.779,2,0.435,0.615,2.723,0,0,0,0,0
4.793|kb,10192201661930000,6,25,1,72057594037935875,2,-0.055,0.656,2.894,2,-0.067,0.970,2.876,2,-0.079,1.273,2.846,2,-0.067,1.426,2.835,2,-0.234,1.161,2.841,2,-0.480,1.097,2.831,2,-0.596,1.270,2.670,2,-0.602,1.337,2.626,2,0.097,1.130,2.849,2,0.223,0.884,2.819,2,0.348,0.644,2.780,2,0.392,0.585,2.763,2,-0.132,0.646,2.856,2,-0.157,0.314,2.946,2,-0.165,-0.117,3.024,2,-0.158,-0.107,2.868,2,0.024,0.649,2.863,2,0.092,0.289,2.931,2,0.130,-0.218,3.015,2,0.164,-0.232,2.926,2,-0.076,1.199,2.855,2,-0.599,1.410,2.622,2,-0.577,1.319,2.572,2,0.458,0.522,2.776,2,0.433,0.614,2.715,0,0,0,0,0
4.853|kb,10192208287190000,6,25,1,72057594037935875,2,-0.055,0.656,2.894,2,-0.067,0.970,2.874,2,-0.079,1.272,2.843,2,-0.067,1.426,2.834,2,-0.234,1.161,2.841,2,-0.481,1.096,2.831,2,-0.597,1.269,2.670,2,-0.601,1.337,2.628,2,0.097,1.130,2.848,2,0.222,0.885,2.818,2,0.348,0.644,2.780,2,0.391,0.586,2.766,2,-0.132,0.647,2.856,2,-0.156,0.314,2.946,2,-0.166,-0.117,3.022,2,-0.159,-0.116,2.867,2,0.024,0.650,2.862,2,0.092,0.289,2.931,2,0.130,-0.218,3.015,2,0.165,-0.232,2.926,2,-0.076,1.198,2.853,2,-0.581,1.405,2.594,2,-0.575,1.300,2.575,2,0.458,0.523,2.778,2,0.435,0.615,2.720,0,0,0,0,0
4.911|kb,10192214950320000,6,25,1,72057594037935875,2,-0.055,0.656,2.893,2,-0.066,0.970,2.875,2,-0.076,1.275,2.847,2,-0.067,1.425,2.832,2,-0.234,1.161,2.841,2,-0.481,1.096,2.830,2,-0.597,1.270,2.670,2,-0.601,1.336,2.628,2,0.097,1.131,2.847,2,0.222,0.885,2.818,2,0.348,0.645,2.779,2,0.392,0.585,2.768,2,-0.132,0.647,2.855,2,-0.156,0.314,2.945,2,-0.166,-0.111,3.020,2,-0.159,-0.116,2.867,2,0.024,0.650,2.862,2,0.092,0.289,2.931,2,0.129,-0.217,3.015,2,0.165,-0.231,2.926,2,-0.074,1.200,2.856,2,-0.581,1.409,2.613,2,-0.563,1.331,2.594,2,0.457,0.522,2.775,2,0.435,0.615,2.720,0,0,0,0,0
4.967|kb,10192218257480000,6,25,1,72057594037935875,2,-0.054,0.656,2.893,2,-0.066,0.970,2.875,2,-0.076,1.274,2.847,2,-0.067,1.425,2.831,2,-0.233,1.161,2.841,2,-0.481,1.096,2.830,2,-0.596,1.269,2.670,2,-0.602,1.338,2.630,2,0.098,1.131,2.847,2,0.222,0.885,2.818,2,0.348,0.645,2.778,2,0.392,0.584,2.764,2,-0.132,0.647,2.855,2,-0.156,0.314,2.945,2,-0.167,-0.150,3.027,2,-0.178,-0.194,2.942,2,0.024,0.650,2.861,2,0.092,0.289,2.930,2,0.129,-0.217,3.015,2,0.165,-0.230,2.926,2,-0.074,1.200,2.856,2,-0.589,1.408,2.605,2,-0.547,1.337,2.599,2,0.458,0.523,2.781,2,0.433,0.613,2.719,0,0,0,0,0
