1
0.000|kb,10203651629870000,6,25,1,72057594037936163,2,-0.068,0.651,2.779,2,-0.087,0.963,2.753,2,-0.104,1.263,2.716,2,-0.109,1.396,2.716,2,-0.281,1.140,2.723,2,-0.507,1.081,2.693,2,-0.460,1.282,2.589,2,-0.444,1.323,2.578,2,0.094,1.156,2.726,2,0.352,1.127,2.698,2,0.246,1.311,2.606,2,0.222,1.349,2.585,2,-0.147,0.638,2.740,2,-0.181,0.283,2.825,2,-0.208,-0.226,2.891,2,-0.232,-0.236,2.787,2,0.012,0.646,2.742,2,0.072,0.266,2.814,2,0.111,-0.220,2.888,2,0.142,-0.230,2.798,2,-0.100,1.190,2.727,2,-0.422,1.399,2.576,2,-0.399,1.291,2.541,2,0.194,1.422,2.593,2,0.199,1.323,2.520,0,0,0,0,0
0.070|kb,10203658228180000,6,25,1,72057594037936163,2,-0.068,0.651,2.779,2,-0.087,0.963,2.752,2,-0.104,1.264,2.715,2,-0.109,1.396,2.716,2,-0.281,1.140,2.723,2,-0.507,1.080,2.693,2,-0.460,1.282,2.589,2,-0.444,1.323,2.573,2,0.094,1.156,2.726,2,0.354,1.127,2.696,2,0.246,1.311,2.606,2,0.220,1.351,2.590,2,-0.147,0.638,2.740,2,-0.181,0.283,2.825,2,-0.208,-0.227,2.892,2,-0.233,-0.238,2.786,2,0.012,0.646,2.742,2,0.073,0.253,2.820,2,0.111,-0.221,2.888,2,0.142,-0.231,2.798,2,-0.100,1.190,2.727,2,-0.435,1.409,2.582,2,-0.391,1.294,2.536,2,0.190,1.413,2.572,2,0.179,1.328,2.550,0,0,0,0,0
0.121|kb,10203664925480000,6,25,1,72057594037936163,2,-0.068,0.651,2.779,2,-0.087,0.963,2.752,2,-0.104,1.263,2.715,2,-0.109,1.396,2.716,2,-0.281,1.140,2.723,2,-0.507,1.080,2.693,2,-0.460,1.281,2.589,2,-0.442,1.321,2.575,2,0.094,1.155,2.726,2,0.347,1.128,2.699,2,0.246,1.313,2.605,2,0.221,1.351,2.587,2,-0.147,0.638,2.740,2,-0.181,0.283,2.825,2,-0.208,-0.227,2.892,2,-0.233,-0.239,2.785,2,0.012,0.646,2.742,2,0.072,0.261,2.817,2,0.111,-0.221,2.888,2,0.142,-0.231,2.799,2,-0.100,1.190,2.726,2,-0.429,1.400,2.581,2,-0.391,1.301,2.549,2,0.192,1.413,2.575,2,0.182,1.321,2.539,0,0,0,0,0
0.193|kb,10203668229910000,6,25,1,72057594037936163,2,-0.068,0.651,2.779,2,-0.087,0.963,2.752,2,-0.104,1.264,2.715,2,-0.109,1.396,2.716,2,-0.281,1.140,2.723,2,-0.507,1.080,2.693,2,-0.460,1.281,2.589,2,-0.443,1.321,2.575,2,0.094,1.156,2.726,2,0.343,1.129,2.702,2,0.245,1.315,2.604,2,0.222,1.349,2.584,2,-0.147,0.638,2.739,2,-0.181,0.283,2.825,2,-0.208,-0.227,2.892,2,-0.233,-0.239,2.785,2,0.012,0.646,2.742,2,0.073,0.253,2.821,2,0.111,-0.220,2.888,2,0.141,-0.231,2.799,2,-0.100,1.190,2.726,2,-0.421,1.388,2.557,2,-0.387,1.300,2.537,2,0.188,1.412,2.568,2,0.177,1.314,2.525,0,0,0,0,0
0.232|kb,10203674923830000,6,25,1,72057594037936163,2,-0.068,0.651,2.778,2,-0.087,0.963,2.752,2,-0.104,1.263,2.715,2,-0.109,1.395,2.715,2,-0.281,1.140,2.723,2,-0.507,1.080,2.693,2,-0.460,1.281,2.588,2,-0.443,1.323,2.574,2,0.095,1.155,2.726,2,0.352,1.129,2.696,2,0.245,1.312,2.604,2,0.222,1.346,2.577,2,-0.147,0.638,2.739,2,-0.181,0.283,2.825,2,-0.208,-0.226,2.892,2,-0.231,-0.237,2.786,2,0.012,0.646,2.742,2,0.073,0.258,2.818,2,0.111,-0.220,2.888,2,0.141,-0.230,2.798,2,-0.100,1.190,2.726,2,-0.421,1.407,2.583,2,-0.390,1.297,2.544,2,0.194,1.404,2.565,2,0.165,1.323,2.525,0,0,0,0,0
0.270|kb,10203678229970000,6,25,1,72057594037936163,2,-0.068,0.651,2.778,2,-0.087,0.963,2.752,2,-0.104,1.263,2.715,2,-0.110,1.396,2.715,2,-0.281,1.140,2.723,2,-0.506,1.080,2.692,2,-0.460,1.281,2.588,2,-0.444,1.322,2.574,2,0.095,1.155,2.725,2,0.341,1.129,2.700,2,0.244,1.315,2.602,2,0.220,1.346,2.580,2,-0.147,0.638,2.739,2,-0.181,0.282,2.825,2,-0.208,-0.226,2.892,2,-0.232,-0.237,2.785,2,0.012,0.646,2.742,2,0.072,0.262,2.815,2,0.111,-0.219,2.888,2,0.141,-0.230,2.798,2,-0.100,1.190,2.726,2,-0.430,1.406,2.578,2,-0.382,1.300,2.537,2,0.189,1.401,2.554,2,0.178,1.317,2.542,0,0,0,0,0
0.306|kb,10203681634050000,6,25,1,72057594037936163,2,-0.068,0.651,2.778,2,-0.086,0.963,2.752,2,-0.104,1.263,2.715,2,-0.110,1.396,2.715,2,-0.281,1.140,2.722,2,-0.506,1.080,2.692,2,-0.460,1.281,2.587,2,-0.443,1.325,2.576,2,0.094,1.155,2.725,2,0.348,1.127,2.699,2,0.245,1.311,2.602,2,0.221,1.352,2.582,2,-0.147,0.638,2.739,2,-0.181,0.282,2.824,2,-0.208,-0.226,2.892,2,-0.232,-0.237,2.785,2,0.012,0.646,2.741,2,0.072,0.262,2.815,2,0.111,-0.219,2.888,2,0.141,-0.230,2.798,2,-0.100,1.190,2.726,2,-0.429,1.398,2.577,2,-0.373,1.312,2.539,2,0.192,1.409,2.567,2,0.166,1.326,2.541,0,0,0,0,0
0.343|kb,10203684924170000,6,25,1,72057594037936163,2,-0.068,0.651,2.778,2,-0.086,0.963,2.752,2,-0.104,1.263,2.715,2,-0.110,1.396,2.714,2,-0.281,1.140,2.722,2,-0.506,1.080,2.692,2,-0.460,1.281,2.587,2,-0.443,1.321,2.573,2,0.095,1.155,2.724,2,0.350,1.127,2.699,2,0.246,1.310,2.602,2,0.223,1.348,2.579,2,-0.147,0.638,2.739,2,-0.181,0.282,2.824,2,-0.208,-0.228,2.892,2,-0.233,-0.241,2.783,2,0.012,0.645,2.741,2,0.073,0.261,2.815,2,0.111,-0.220,2.888,2,0.141,-0.230,2.798,2,-0.100,1.190,2.726,2,-0.430,1.405,2.579,2,-0.384,1.293,2.530,2,0.196,1.403,2.564,2,0.169,1.324,2.535,0,0,0,0,0
0.384|kb,10203688227490000,6,25,1,72057594037936163,2,-0.068,0.651,2.778,2,-0.087,0.963,2.752,2,-0.104,1.264,2.715,2,-0.110,1.396,2.714,2,-0.281,1.140,2.722,2,-0.506,1.080,2.692,2,-0.460,1.281,2.587,2,-0.443,1.323,2.573,2,0.095,1.155,2.724,2,0.352,1.128,2.697,2,0.245,1.310,2.602,2,0.220,1.349,2.581,2,-0.147,0.638,2.739,2,-0.181,0.281,2.824,2,-0.208,-0.228,2.891,2,-0.233,-0.241,2.783,2,0.012,0.645,2.741,2,0.072,0.263,2.814,2,0.111,-0.220,2.888,2,0.141,-0.230,2.798,2,-0.100,1.190,2.726,2,-0.444,1.410,2.576,2,-0.389,1.307,2.564,2,0.190,1.408,2.570,2,0.170,1.324,2.533,0,0,0,0,0
0.420|kb,10203694928990000,6,25,1,72057594037936163,2,-0.068,0.651,2.778,2,-0.086,0.963,2.751,2,-0.104,1.264,2.714,2,-0.110,1.396,2.714,2,-0.281,1.140,2.722,2,-0.506,1.080,2.692,2,-0.460,1.281,2.587,2,-0.443,1.323,2.577,2,0.095,1.155,2.723,2,0.355,1.126,2.695,2,0.247,1.308,2.603,2,0.223,1.350,2.581,2,-0.147,0.638,2.739,2,-0.181,0.281,2.824,2,-0.208,-0.228,2.892,2,-0.233,-0.240,2.784,2,0.012,0.645,2.741,2,0.072,0.265,2.814,2,0.111,-0.220,2.888,2,0.141,-0.230,2.798,2,-0.100,1.190,2.726,2,-0.436,1.400,2.576,2,-0.386,1.310,2.556,2,0.193,1.413,2.572,2,0.181,1.324,2.542,0,0,0,0,0
0.455|kb,10203698232100000,6,25,1,72057594037936163,2,-0.068,0.651,2.778,2,-0.086,0.963,2.751,2,-0.104,1.264,2.714,2,-0.110,1.396,2.713,2,-0.281,1.140,2.722,2,-0.506,1.080,2.692,2,-0.460,1.281,2.587,2,-0.448,1.322,2.575,2,0.095,1.155,2.723,2,0.342,1.129,2.699,2,0.245,1.314,2.601,2,0.222,1.349,2.576,2,-0.147,0.638,2.739,2,-0.181,0.281,2.824,2,-0.208,-0.227,2.892,2,-0.233,-0.240,2.784,2,0.012,0.645,2.741,2,0.072,0.265,2.814,2,0.111,-0.220,2.888,2,0.141,-0.230,2.797,2,-0.100,1.191,2.726,2,-0.430,1.389,2.561,2,-0.387,1.305,2.549,2,0.194,1.405,2.559,2,0.197,1.314,2.512,0,0,0,0,0
0.495|kb,10203701630160000,6,25,1,72057594037936163,2,-0.068,0.651,2.778,2,-0.086,0.963,2.751,2,-0.104,1.264,2.715,2,-0.110,1.396,2.713,2,-0.281,1.140,2.722,2,-0.506,1.080,2.692,2,-0.462,1.282,2.587,2,-0.452,1.322,2.575,2,0.094,1.155,2.723,2,0.347,1.127,2.698,2,0.246,1.312,2.602,2,0.225,1.352,2.583,2,-0.147,0.638,2.739,2,-0.181,0.281,2.824,2,-0.208,-0.226,2.892,2,-0.233,-0.240,2.785,2,0.012,0.645,2.741,2,0.072,0.263,2.815,2,0.110,-0.218,2.889,2,0.141,-0.229,2.800,2,-0.099,1.191,2.726,2,-0.441,1.392,2.573,2,-0.402,1.304,2.540,2,0.190,1.403,2.554,2,0.181,1.326,2.536,0,0,0,0,0
0.540|kb,10203704924840000,6,25,1,72057594037936163,2,-0.069,0.650,2.777,2,-0.086,0.963,2.751,2,-0.103,1.264,2.714,2,-0.110,1.396,2.713,2,-0.281,1.140,2.722,2,-0.506,1.080,2.692,2,-0.464,1.282,2.587,2,-0.459,1.326,2.573,2,0.095,1.155,2.723,2,0.352,1.126,2.695,2,0.248,1.311,2.602,2,0.227,1.350,2.575,2,-0.147,0.638,2.738,2,-0.180,0.281,2.824,2,-0.208,-0.226,2.892,2,-0.233,-0.241,2.783,2,0.012,0.645,2.741,2,0.073,0.263,2.815,2,0.110,-0.218,2.889,2,0.141,-0.229,2.800,2,-0.099,1.190,2.725,2,-0.448,1.403,2.580,2,-0.419,1.294,2.523,2,0.194,1.414,2.575,2,0.172,1.316,2.507,0,0,0,0,0
0.585|kb,10203711629800000,6,25,1,72057594037936163,2,-0.068,0.650,2.777,2,-0.086,0.963,2.751,2,-0.103,1.264,2.714,2,-0.110,1.396,2.713,2,-0.281,1.140,2.720,2,-0.506,1.079,2.692,2,-0.479,1.283,2.586,2,-0.476,1.334,2.572,2,0.094,1.155,2.723,2,0.343,1.131,2.698,2,0.251,1.319,2.598,2,0.239,1.356,2.581,2,-0.147,0.638,2.738,2,-0.180,0.281,2.824,2,-0.208,-0.226,2.892,2,-0.234,-0.241,2.783,2,0.012,0.645,2.740,2,0.073,0.263,2.815,2,0.110,-0.218,2.889,2,0.141,-0.229,2.799,2,-0.099,1.190,2.725,2,-0.464,1.407,2.560,2,-0.419,1.325,2.546,2,0.205,1.401,2.569,2,0.175,1.352,2.543,0,0,0,0,0
0.672|kb,10203714929630000,6,25,1,72057594037936163,2,-0.068,0.650,2.777,2,-0.086,0.963,2.750,2,-0.103,1.264,2.714,2,-0.110,1.396,2.713,2,-0.281,1.140,2.720,2,-0.506,1.079,2.692,2,-0.488,1.284,2.586,2,-0.491,1.329,2.565,2,0.094,1.156,2.722,2,0.341,1.132,2.698,2,0.259,1.321,2.595,2,0.246,1.357,2.576,2,-0.147,0.638,2.738,2,-0.180,0.281,2.824,2,-0.208,-0.226,2.892,2,-0.234,-0.241,2.783,2,0.012,0.645,2.740,2,0.073,0.264,2.814,2,0.110,-0.218,2.889,2,0.141,-0.229,2.799,2,-0.099,1.190,2.725,2,-0.494,1.414,2.574,2,-0.442,1.317,2.524,2,0.208,1.399,2.563,2,0.172,1.372,2.542,0,0,0,0,0
0.721|kb,10203724925680000,6,25,1,72057594037936163,2,-0.068,0.650,2.776,2,-0.086,0.963,2.750,2,-0.104,1.263,2.713,2,-0.110,1.395,2.712,2,-0.281,1.140,2.720,2,-0.510,1.074,2.694,2,-0.529,1.277,2.587,2,-0.542,1.332,2.556,2,0.094,1.156,2.721,2,0.341,1.132,2.699,2,0.288,1.331,2.593,2,0.285,1.351,2.577,2,-0.146,0.638,2.737,2,-0.180,0.282,2.823,2,-0.208,-0.226,2.892,2,-0.233,-0.240,2.784,2,0.012,0.645,2.740,2,0.074,0.266,2.813,2,0.110,-0.218,2.888,2,0.141,-0.229,2.799,2,-0.099,1.190,2.724,2,-0.545,1.399,2.545,2,-0.494,1.335,2.545,2,0.238,1.405,2.560,2,0.278,1.348,2.522,0,0,0,0,0
0.786|kb,10203728234460000,6,25,1,72057594037936163,2,-0.068,0.650,2.776,2,-0.086,0.963,2.749,2,-0.103,1.263,2.711,2,-0.110,1.395,2.712,2,-0.281,1.139,2.720,2,-0.510,1.072,2.695,2,-0.550,1.273,2.587,2,-0.558,1.331,2.555,2,0.094,1.156,2.721,2,0.341,1.132,2.699,2,0.300,1.332,2.591,2,0.303,1.354,2.577,2,-0.146,0.638,2.736,2,-0.180,0.282,2.823,2,-0.208,-0.225,2.891,2,-0.232,-0.239,2.784,2,0.012,0.645,2.740,2,0.074,0.269,2.811,2,0.110,-0.218,2.888,2,0.141,-0.229,2.799,2,-0.099,1.190,2.723,2,-0.566,1.403,2.550,2,-0.511,1.329,2.511,2,0.290,1.401,2.552,2,0.256,1.365,2.520,0,0,0,0,0
0.823|kb,10203734927120000,6,25,1,72057594037936163,2,-0.068,0.650,2.775,2,-0.086,0.962,2.748,2,-0.104,1.263,2.710,2,-0.110,1.396,2.711,2,-0.280,1.139,2.719,2,-0.512,1.070,2.696,2,-0.581,1.262,2.587,2,-0.598,1.328,2.553,2,0.093,1.156,2.720,2,0.342,1.130,2.701,2,0.330,1.333,2.591,2,0.332,1.349,2.577,2,-0.146,0.638,2.735,2,-0.180,0.282,2.823,2,-0.207,-0.225,2.891,2,-0.232,-0.239,2.785,2,0.012,0.645,2.739,2,0.074,0.269,2.811,2,0.110,-0.218,2.888,2,0.141,-0.229,2.799,2,-0.099,1.190,2.722,2,-0.614,1.400,2.548,2,-0.571,1.312,2.484,2,0.316,1.397,2.545,2,0.279,1.377,2.514,0,0,0,0,0
0.867|kb,10203738231100000,6,25,1,72057594037936163,2,-0.068,0.650,2.775,2,-0.086,0.962,2.748,2,-0.104,1.263,2.710,2,-0.109,1.396,2.711,2,-0.280,1.139,2.719,2,-0.512,1.068,2.697,2,-0.591,1.256,2.589,2,-0.616,1.324,2.555,2,0.093,1.156,2.720,2,0.342,1.129,2.703,2,0.345,1.330,2.589,2,0.349,1.348,2.574,2,-0.146,0.638,2.735,2,-0.180,0.282,2.823,2,-0.207,-0.225,2.892,2,-0.232,-0.239,2.785,2,0.012,0.645,2.739,2,0.074,0.270,2.811,2,0.110,-0.218,2.888,2,0.141,-0.229,2.799,2,-0.099,1.189,2.722,2,-0.644,1.395,2.550,2,-0.597,1.299,2.490,2,0.337,1.387,2.528,2,0.314,1.364,2.497,0,0,0,0,0
0.920|kb,10203741631060000,6,25,1,72057594037936163,2,-0.068,0.650,2.775,2,-0.086,0.962,2.748,2,-0.104,1.263,2.710,2,-0.109,1.395,2.711,2,-0.280,1.139,2.719,2,-0.510,1.067,2.698,2,-0.619,1.278,2.575,2,-0.638,1.323,2.550,2,0.093,1.156,2.719,2,0.344,1.127,2.705,2,0.374,1.323,2.587,2,0.364,1.349,2.575,2,-0.146,0.637,2.735,2,-0.180,0.282,2.823,2,-0.208,-0.225,2.892,2,-0.233,-0.239,2.785,2,0.012,0.645,2.739,2,0.074,0.266,2.812,2,0.110,-0.218,2.888,2,0.141,-0.229,2.799,2,-0.099,1.189,2.722,2,-0.680,1.406,2.557,2,-0.582,1.342,2.501,2,0.361,1.387,2.531,2,0.334,1.359,2.504,0,0,0,0,0
0.964|kb,10203748229990000,6,25,1,72057594037936163,2,-0.068,0.650,2.775,2,-0.086,0.962,2.748,2,-0.104,1.262,2.710,2,-0.109,1.395,2.711,2,-0.280,1.139,2.719,2,-0.510,1.065,2.698,2,-0.640,1.248,2.588,2,-0.680,1.307,2.553,2,0.093,1.156,2.719,2,0.346,1.126,2.707,2,0.392,1.319,2.588,2,0.397,1.351,2.572,2,-0.146,0.637,2.735,2,-0.180,0.281,2.823,2,-0.208,-0.225,2.892,2,-0.233,-0.239,2.784,2,0.012,0.645,2.739,2,0.075,0.268,2.811,2,0.110,-0.218,2.888,2,0.141,-0.230,2.800,2,-0.099,1.189,2.722,2,-0.723,1.366,2.546,2,-0.641,1.292,2.500,2,0.412,1.393,2.536,2,0.361,1.366,2.492,0,0,0,0,0
1.004|kb,10203751630480000,6,25,1,72057594037936163,2,-0.068,0.650,2.774,2,-0.086,0.962,2.747,2,-0.104,1.262,2.710,2,-0.109,1.395,2.710,2,-0.280,1.139,2.718,2,-0.509,1.063,2.700,2,-0.648,1.241,2.589,2,-0.697,1.297,2.551,2,0.093,1.156,2.719,2,0.346,1.125,2.708,2,0.409,1.311,2.586,2,0.419,1.352,2.560,2,-0.146,0.637,2.735,2,-0.180,0.282,2.822,2,-0.208,-0.225,2.891,2,-0.233,-0.241,2.784,2,0.012,0.645,2.738,2,0.074,0.268,2.811,2,0.110,-0.218,2.888,2,0.141,-0.230,2.799,2,-0.099,1.189,2.721,2,-0.755,1.349,2.549,2,-0.651,1.336,2.531,2,0.452,1.393,2.533,2,0.385,1.368,2.505,0,0,0,0,0
1.048|kb,10203754922890000,6,25,1,72057594037936163,2,-0.068,0.650,2.774,2,-0.086,0.962,2.747,2,-0.104,1.263,2.710,2,-0.109,1.395,2.710,2,-0.280,1.139,2.719,2,-0.512,1.063,2.702,2,-0.667,1.229,2.590,2,-0.720,1.288,2.553,2,0.093,1.156,2.718,2,0.346,1.124,2.709,2,0.423,1.305,2.587,2,0.443,1.363,2.552,2,-0.146,0.637,2.735,2,-0.180,0.281,2.823,2,-0.208,-0.225,2.892,2,-0.234,-0.240,2.784,2,0.012,0.645,2.738,2,0.074,0.269,2.811,2,0.110,-0.218,2.888,2,0.142,-0.230,2.799,2,-0.099,1.189,2.721,2,-0.773,1.340,2.550,2,-0.680,1.336,2.534,2,0.485,1.396,2.536,2,0.407,1.352,2.481,0,0,0,0,0
1.089|kb,10203758231270000,6,25,1,72057594037936163,2,-0.068,0.650,2.774,2,-0.086,0.962,2.747,2,-0.104,1.262,2.709,2,-0.109,1.395,2.710,2,-0.280,1.139,2.719,2,-0.512,1.062,2.702,2,-0.685,1.220,2.586,2,-0.738,1.268,2.550,2,0.093,1.156,2.718,2,0.345,1.124,2.709,2,0.437,1.298,2.586,2,0.465,1.361,2.554,2,-0.146,0.637,2.735,2,-0.180,0.282,2.823,2,-0.208,-0.225,2.892,2,-0.234,-0.240,2.784,2,0.012,0.645,2.738,2,0.074,0.270,2.810,2,0.110,-0.218,2.888,2,0.142,-0.230,2.799,2,-0.099,1.189,2.721,2,-0.805,1.317,2.549,2,-0.711,1.278,2.483,2,0.515,1.400,2.543,2,0.425,1.381,2.524,0,0,0,0,0
1.126|kb,10203764924240000,6,25,1,72057594037936163,2,-0.068,0.650,2.774,2,-0.086,0.962,2.747,2,-0.104,1.262,2.709,2,-0.109,1.395,2.710,2,-0.280,1.139,2.718,2,-0.511,1.061,2.703,2,-0.729,1.200,2.588,2,-0.787,1.242,2.564,2,0.092,1.156,2.718,2,0.346,1.123,2.709,2,0.467,1.281,2.592,2,0.512,1.346,2.553,2,-0.146,0.637,2.735,2,-0.180,0.282,2.823,2,-0.208,-0.226,2.892,2,-0.234,-0.240,2.785,2,0.012,0.645,2.738,2,0.074,0.271,2.810,2,0.110,-0.217,2.888,2,0.142,-0.229,2.799,2,-0.099,1.189,2.721,2,-0.859,1.287,2.564,2,-0.748,1.260,2.510,2,0.560,1.386,2.532,2,0.478,1.368,2.524,0,0,0,0,0
1.170|kb,10203768229850000,6,25,1,72057594037936163,2,-0.068,0.650,2.774,2,-0.086,0.962,2.747,2,-0.104,1.261,2.709,2,-0.109,1.394,2.708,2,-0.280,1.139,2.717,2,-0.504,1.057,2.705,2,-0.740,1.182,2.590,2,-0.801,1.215,2.561,2,0.092,1.156,2.717,2,0.346,1.121,2.709,2,0.499,1.280,2.584,2,0.540,1.337,2.546,2,-0.146,0.637,2.735,2,-0.180,0.282,2.823,2,-0.208,-0.225,2.891,2,-0.234,-0.240,2.785,2,0.012,0.645,2.737,2,0.073,0.272,2.809,2,0.110,-0.218,2.888,2,0.142,-0.229,2.798,2,-0.099,1.188,2.720,2,-0.869,1.247,2.553,2,-0.771,1.241,2.527,2,0.584,1.380,2.526,2,0.494,1.347,2.504,0,0,0,0,0
1.213|kb,10203771630340000,6,25,1,72057594037936163,2,-0.068,0.650,2.774,2,-0.086,0.962,2.746,2,-0.103,1.262,2.708,2,-0.109,1.394,2.708,2,-0.279,1.139,2.717,2,-0.502,1.056,2.706,2,-0.751,1.170,2.591,2,-0.816,1.194,2.567,2,0.092,1.156,2.717,2,0.346,1.118,2.710,2,0.508,1.272,2.584,2,0.561,1.324,2.550,2,-0.146,0.637,2.735,2,-0.180,0.281,2.822,2,-0.208,-0.225,2.891,2,-0.234,-0.240,2.785,2,0.012,0.645,2.737,2,0.073,0.273,2.809,2,0.110,-0.217,2.888,2,0.142,-0.229,2.798,2,-0.099,1.189,2.720,2,-0.886,1.222,2.568,2,-0.789,1.221,2.516,2,0.609,1.373,2.537,2,0.518,1.345,2.492,0,0,0,0,0
1.257|kb,10203778230470000,6,25,1,72057594037936163,2,-0.068,0.650,2.773,2,-0.086,0.962,2.746,2,-0.104,1.262,2.708,2,-0.108,1.394,2.708,2,-0.279,1.139,2.717,2,-0.493,1.050,2.710,2,-0.709,1.081,2.633,2,-0.796,1.123,2.596,2,0.092,1.156,2.717,2,0.345,1.109,2.711,2,0.545,1.240,2.588,2,0.605,1.279,2.556,2,-0.146,0.637,2.735,2,-0.181,0.280,2.823,2,-0.207,-0.224,2.891,2,-0.234,-0.238,2.786,2,0.012,0.645,2.737,2,0.073,0.272,2.809,2,0.110,-0.218,2.888,2,0.142,-0.230,2.799,2,-0.099,1.189,2.720,2,-0.854,1.154,2.566,2,-0.800,1.154,2.557,2,0.679,1.318,2.540,2,0.566,1.302,2.512,0,0,0,0,0
1.319|kb,10203781631820000,6,25,1,72057594037936163,2,-0.068,0.650,2.773,2,-0.086,0.962,2.746,2,-0.104,1.262,2.708,2,-0.108,1.394,2.708,2,-0.279,1.139,2.716,2,-0.493,1.048,2.709,2,-0.759,1.081,2.622,2,-0.850,1.111,2.593,2,0.092,1.156,2.716,2,0.342,1.101,2.713,2,0.551,1.213,2.593,2,0.621,1.254,2.558,2,-0.146,0.637,2.734,2,-0.181,0.280,2.823,2,-0.208,-0.224,2.891,2,-0.234,-0.238,2.785,2,0.012,0.645,2.737,2,0.073,0.273,2.809,2,0.110,-0.218,2.888,2,0.142,-0.230,2.798,2,-0.099,1.189,2.720,2,-0.916,1.115,2.583,2,-0.835,1.149,2.560,2,0.679,1.292,2.538,2,0.583,1.278,2.525,0,0,0,0,0
1.354|kb,10203788231170000,6,25,1,72057594037936163,2,-0.068,0.649,2.773,2,-0.087,0.961,2.745,2,-0.104,1.260,2.706,2,-0.108,1.393,2.707,2,-0.279,1.139,2.716,2,-0.490,1.043,2.711,2,-0.778,1.038,2.634,2,-0.869,1.052,2.606,2,0.091,1.155,2.716,2,0.335,1.089,2.713,2,0.556,1.151,2.612,2,0.640,1.188,2.575,2,-0.147,0.637,2.734,2,-0.181,0.281,2.822,2,-0.208,-0.225,2.891,2,-0.235,-0.238,2.785,2,0.012,0.645,2.737,2,0.073,0.271,2.810,2,0.110,-0.218,2.888,2,0.142,-0.229,2.798,2,-0.100,1.187,2.718,2,-0.933,1.042,2.599,2,-0.862,1.101,2.578,2,0.705,1.217,2.560,2,0.616,1.219,2.526,0,0,0,0,0
1.399|kb,10203791629900000,6,25,1,72057594037936163,2,-0.069,0.649,2.773,2,-0.087,0.961,2.745,2,-0.104,1.261,2.706,2,-0.108,1.393,2.707,2,-0.279,1.139,2.716,2,-0.488,1.040,2.712,2,-0.779,1.029,2.638,2,-0.853,1.028,2.617,2,0.091,1.154,2.715,2,0.333,1.082,2.714,2,0.551,1.125,2.621,2,0.639,1.152,2.585,2,-0.147,0.637,2.734,2,-0.181,0.280,2.823,2,-0.208,-0.225,2.891,2,-0.235,-0.240,2.784,2,0.012,0.644,2.736,2,0.073,0.271,2.810,2,0.110,-0.218,2.888,2,0.141,-0.230,2.798,2,-0.100,1.187,2.718,2,-0.911,1.016,2.602,2,-0.870,1.067,2.581,2,0.702,1.170,2.574,2,0.630,1.185,2.542,0,0,0,0,0
1.448|kb,10203794922910000,6,25,1,72057594037936163,2,-0.069,0.649,2.773,2,-0.087,0.961,2.745,2,-0.104,1.260,2.706,2,-0.108,1.393,2.707,2,-0.279,1.139,2.716,2,-0.489,1.037,2.712,2,-0.770,1.000,2.650,2,-0.838,1.004,2.627,2,0.090,1.154,2.715,2,0.326,1.072,2.716,2,0.551,1.100,2.627,2,0.647,1.115,2.594,2,-0.147,0.636,2.734,2,-0.181,0.281,2.822,2,-0.208,-0.225,2.891,2,-0.234,-0.239,2.785,2,0.012,0.644,2.736,2,0.073,0.267,2.812,2,0.110,-0.218,2.888,2,0.142,-0.230,2.798,2,-0.100,1.187,2.718,2,-0.898,1.019,2.604,2,-0.881,1.044,2.590,2,0.711,1.121,2.582,2,0.633,1.153,2.546,0,0,0,0,0
1.486|kb,10203801629060000,6,25,1,72057594037936163,2,-0.069,0.649,2.773,2,-0.087,0.961,2.745,2,-0.104,1.260,2.706,2,-0.108,1.393,2.706,2,-0.278,1.140,2.715,2,-0.484,1.024,2.715,2,-0.704,0.965,2.675,2,-0.796,0.952,2.655,2,0.089,1.154,2.715,2,0.315,1.055,2.720,2,0.555,1.040,2.637,2,0.652,1.043,2.610,2,-0.147,0.636,2.734,2,-0.181,0.279,2.823,2,-0.208,-0.226,2.891,2,-0.235,-0.239,2.785,2,0.012,0.644,2.736,2,0.073,0.268,2.812,2,0.110,-0.218,2.889,2,0.142,-0.230,2.798,2,-0.100,1.187,2.718,2,-0.858,0.967,2.621,2,-0.843,0.980,2.635,2,0.713,1.031,2.605,2,0.652,1.088,2.576,0,0,0,0,0
1.543|kb,10203804924840000,6,25,1,72057594037936163,2,-0.069,0.649,2.773,2,-0.087,0.960,2.745,2,-0.105,1.260,2.706,2,-0.109,1.393,2.706,2,-0.278,1.140,2.715,2,-0.481,1.019,2.714,2,-0.696,0.940,2.680,2,-0.779,0.927,2.661,2,0.086,1.152,2.713,2,0.310,1.042,2.720,2,0.535,1.006,2.645,2,0.637,1.006,2.618,2,-0.147,0.636,2.734,2,-0.181,0.280,2.822,2,-0.208,-0.228,2.890,2,-0.235,-0.240,2.784,2,0.012,0.644,2.736,2,0.073,0.268,2.812,2,0.110,-0.218,2.888,2,0.142,-0.230,2.798,2,-0.100,1.187,2.717,2,-0.830,0.910,2.633,2,-0.801,0.944,2.646,2,0.694,0.982,2.610,2,0.654,1.040,2.576,0,0,0,0,0
1.584|kb,10203811630450000,6,25,1,72057594037936163,2,-0.069,0.648,2.773,2,-0.087,0.960,2.745,2,-0.105,1.259,2.705,2,-0.108,1.392,2.706,2,-0.277,1.140,2.714,2,-0.475,1.009,2.716,2,-0.682,0.911,2.690,2,-0.760,0.881,2.677,2,0.085,1.151,2.713,2,0.303,1.024,2.722,2,0.560,0.949,2.656,2,0.650,0.932,2.637,2,-0.147,0.635,2.735,2,-0.181,0.282,2.822,2,-0.208,-0.227,2.890,2,-0.234,-0.240,2.784,2,0.012,0.643,2.736,2,0.073,0.268,2.812,2,0.110,-0.218,2.888,2,0.142,-0.229,2.798,2,-0.100,1.186,2.717,2,-0.804,0.830,2.660,2,-0.797,0.892,2.649,2,0.721,0.905,2.646,2,0.664,0.982,2.602,0,0,0,0,0
1.624|kb,10203814924270000,6,25,1,72057594037936163,2,-0.069,0.648,2.773,2,-0.087,0.960,2.745,2,-0.105,1.260,2.706,2,-0.108,1.392,2.707,2,-0.277,1.140,2.714,2,-0.468,1.001,2.717,2,-0.673,0.896,2.692,2,-0.754,0.860,2.680,2,0.085,1.150,2.713,2,0.300,1.014,2.724,2,0.557,0.930,2.658,2,0.640,0.896,2.645,2,-0.147,0.635,2.735,2,-0.181,0.283,2.821,2,-0.208,-0.227,2.890,2,-0.234,-0.240,2.785,2,0.012,0.643,2.736,2,0.072,0.270,2.811,2,0.110,-0.218,2.888,2,0.142,-0.229,2.798,2,-0.100,1.186,2.717,2,-0.802,0.821,2.659,2,-0.762,0.888,2.678,2,0.713,0.867,2.653,2,0.657,0.945,2.610,0,0,0,0,0
1.668|kb,10203818230470000,6,25,1,72057594037936163,2,-0.069,0.647,2.773,2,-0.087,0.959,2.745,2,-0.104,1.259,2.705,2,-0.108,1.392,2.706,2,-0.277,1.139,2.714,2,-0.466,0.992,2.718,2,-0.665,0.878,2.693,2,-0.744,0.837,2.678,2,0.085,1.150,2.713,2,0.295,1.002,2.723,2,0.549,0.892,2.665,2,0.625,0.855,2.651,2,-0.147,0.634,2.735,2,-0.181,0.283,2.821,2,-0.208,-0.227,2.890,2,-0.234,-0.240,2.783,2,0.012,0.643,2.736,2,0.073,0.270,2.810,2,0.110,-0.218,2.888,2,0.142,-0.229,2.798,2,-0.100,1.186,2.717,2,-0.792,0.801,2.654,2,-0.771,0.857,2.665,2,0.691,0.818,2.662,2,0.652,0.908,2.620,0,0,0,0,0
1.711|kb,10203821630430000,6,25,1,72057594037936163,2,-0.069,0.647,2.773,2,-0.087,0.959,2.745,2,-0.104,1.259,2.705,2,-0.108,1.392,2.706,2,-0.276,1.138,2.715,2,-0.463,0.985,2.718,2,-0.658,0.863,2.695,2,-0.739,0.815,2.683,2,0.084,1.149,2.713,2,0.291,0.988,2.725,2,0.497,0.870,2.678,2,0.593,0.825,2.663,2,-0.147,0.634,2.735,2,-0.181,0.283,2.821,2,-0.207,-0.226,2.890,2,-0.234,-0.240,2.784,2,0.012,0.642,2.736,2,0.072,0.270,2.810,2,0.110,-0.218,2.888,2,0.142,-0.230,2.798,2,-0.100,1.186,2.717,2,-0.782,0.763,2.666,2,-0.783,0.822,2.649,2,0.654,0.776,2.668,2,0.613,0.852,2.621,0,0,0,0,0
1.763|kb,10203828229690000,6,25,1,72057594037936163,2,-0.069,0.647,2.773,2,-0.087,0.959,2.745,2,-0.104,1.260,2.706,2,-0.108,1.392,2.707,2,-0.275,1.137,2.716,2,-0.452,0.965,2.721,2,-0.645,0.818,2.699,2,-0.731,0.761,2.691,2,0.085,1.148,2.714,2,0.283,0.962,2.730,2,0.484,0.807,2.692,2,0.570,0.752,2.680,2,-0.148,0.634,2.735,2,-0.182,0.283,2.821,2,-0.208,-0.223,2.891,2,-0.232,-0.237,2.787,2,0.012,0.642,2.736,2,0.072,0.269,2.812,2,0.110,-0.218,2.889,2,0.142,-0.229,2.799,2,-0.100,1.186,2.718,2,-0.783,0.692,2.700,2,-0.759,0.787,2.658,2,0.637,0.701,2.691,2,0.599,0.797,2.649,0,0,0,0,0
1.810|kb,10203831631280000,6,25,1,72057594037936163,2,-0.069,0.646,2.773,2,-0.087,0.959,2.745,2,-0.104,1.259,2.707,2,-0.108,1.391,2.706,2,-0.274,1.136,2.715,2,-0.448,0.952,2.722,2,-0.647,0.797,2.698,2,-0.728,0.736,2.688,2,0.085,1.146,2.714,2,0.277,0.943,2.730,2,0.462,0.788,2.692,2,0.542,0.724,2.683,2,-0.148,0.633,2.735,2,-0.182,0.283,2.821,2,-0.208,-0.222,2.891,2,-0.232,-0.237,2.786,2,0.012,0.641,2.736,2,0.072,0.271,2.812,2,0.110,-0.218,2.889,2,0.142,-0.229,2.798,2,-0.100,1.186,2.718,2,-0.782,0.677,2.694,2,-0.764,0.771,2.661,2,0.607,0.670,2.691,2,0.573,0.766,2.649,0,0,0,0,0
1.865|kb,10203838230290000,6,25,1,72057594037936163,2,-0.069,0.645,2.773,2,-0.086,0.958,2.745,2,-0.103,1.259,2.707,2,-0.107,1.391,2.706,2,-0.273,1.135,2.715,2,-0.437,0.935,2.724,2,-0.636,0.731,2.695,2,-0.716,0.677,2.694,2,0.086,1.142,2.714,2,0.259,0.924,2.730,2,0.454,0.701,2.701,2,0.513,0.643,2.703,2,-0.148,0.632,2.735,2,-0.183,0.286,2.820,2,-0.207,-0.222,2.892,2,-0.232,-0.237,2.786,2,0.012,0.640,2.736,2,0.071,0.271,2.812,2,0.110,-0.218,2.889,2,0.142,-0.230,2.799,2,-0.099,1.186,2.718,2,-0.780,0.614,2.703,2,-0.765,0.726,2.669,2,0.576,0.588,2.710,2,0.557,0.697,2.668,0,0,0,0,0
1.922|kb,10203841631540000,6,25,1,72057594037936163,2,-0.069,0.644,2.774,2,-0.087,0.957,2.745,2,-0.103,1.258,2.707,2,-0.107,1.390,2.706,2,-0.272,1.135,2.715,2,-0.430,0.928,2.725,2,-0.627,0.708,2.695,2,-0.697,0.647,2.699,2,0.086,1.141,2.714,2,0.251,0.908,2.732,2,0.439,0.667,2.705,2,0.485,0.610,2.710,2,-0.148,0.631,2.736,2,-0.183,0.286,2.820,2,-0.207,-0.222,2.892,2,-0.232,-0.237,2.786,2,0.011,0.639,2.736,2,0.071,0.272,2.811,2,0.111,-0.218,2.889,2,0.142,-0.230,2.799,2,-0.099,1.184,2.718,2,-0.762,0.582,2.717,2,-0.741,0.697,2.668,2,0.545,0.552,2.716,2,0.535,0.670,2.677,0,0,0,0,0
1.967|kb,10203848230400000,6,25,1,72057594037936163,2,-0.070,0.643,2.774,2,-0.086,0.957,2.746,2,-0.102,1.259,2.708,2,-0.106,1.391,2.706,2,-0.271,1.135,2.715,2,-0.416,0.900,2.722,2,-0.589,0.678,2.700,2,-0.643,0.606,2.704,2,0.086,1.140,2.715,2,0.241,0.877,2.731,2,0.393,0.601,2.721,2,0.417,0.550,2.731,2,-0.149,0.631,2.736,2,-0.183,0.286,2.821,2,-0.208,-0.223,2.892,2,-0.232,-0.237,2.786,2,0.011,0.638,2.737,2,0.071,0.271,2.811,2,0.111,-0.218,2.888,2,0.141,-0.231,2.799,2,-0.098,1.185,2.719,2,-0.689,0.540,2.726,2,-0.697,0.643,2.677,2,0.457,0.486,2.744,2,0.476,0.607,2.687,0,0,0,0,0
2.009|kb,10203851629650000,6,25,1,72057594037936163,2,-0.070,0.643,2.774,2,-0.086,0.957,2.746,2,-0.101,1.259,2.708,2,-0.105,1.391,2.707,2,-0.271,1.135,2.715,2,-0.407,0.895,2.723,2,-0.564,0.664,2.703,2,-0.611,0.592,2.707,2,0.086,1.140,2.714,2,0.235,0.862,2.731,2,0.370,0.580,2.728,2,0.396,0.543,2.733,2,-0.149,0.631,2.736,2,-0.183,0.286,2.821,2,-0.208,-0.223,2.892,2,-0.232,-0.236,2.787,2,0.011,0.638,2.737,2,0.073,0.253,2.817,2,0.110,-0.219,2.888,2,0.141,-0.231,2.799,2,-0.098,1.186,2.720,2,-0.655,0.526,2.732,2,-0.671,0.618,2.680,2,0.428,0.472,2.753,2,0.457,0.594,2.696,0,0,0,0,0
2.059|kb,10203854922900000,6,25,1,72057594037936163,2,-0.070,0.643,2.774,2,-0.086,0.957,2.746,2,-0.100,1.259,2.708,2,-0.104,1.391,2.707,2,-0.270,1.135,2.714,2,-0.400,0.885,2.722,2,-0.545,0.644,2.703,2,-0.584,0.572,2.711,2,0.086,1.139,2.714,2,0.222,0.853,2.730,2,0.344,0.569,2.727,2,0.360,0.525,2.739,2,-0.149,0.630,2.736,2,-0.183,0.285,2.821,2,-0.207,-0.224,2.892,2,-0.233,-0.237,2.786,2,0.011,0.637,2.738,2,0.073,0.256,2.816,2,0.110,-0.218,2.888,2,0.140,-0.230,2.800,2,-0.097,1.185,2.720,2,-0.625,0.501,2.743,2,-0.653,0.593,2.695,2,0.398,0.460,2.761,2,0.427,0.575,2.705,0,0,0,0,0
2.099|kb,10203858228750000,6,25,1,72057594037936163,2,-0.070,0.642,2.774,2,-0.086,0.957,2.746,2,-0.100,1.259,2.708,2,-0.104,1.391,2.707,2,-0.269,1.136,2.714,2,-0.392,0.879,2.722,2,-0.518,0.605,2.709,2,-0.552,0.549,2.716,2,0.086,1.139,2.714,2,0.214,0.849,2.730,2,0.321,0.565,2.733,2,0.337,0.525,2.741,2,-0.149,0.630,2.736,2,-0.183,0.285,2.821,2,-0.207,-0.224,2.892,2,-0.233,-0.239,2.785,2,0.011,0.637,2.738,2,0.073,0.254,2.817,2,0.110,-0.218,2.888,2,0.141,-0.230,2.800,2,-0.097,1.185,2.720,2,-0.580,0.478,2.751,2,-0.611,0.580,2.691,2,0.366,0.454,2.759,2,0.399,0.561,2.701,0,0,0,0,0
2.142|kb,10203864927450000,6,25,1,72057594037936163,2,-0.070,0.642,2.775,2,-0.085,0.957,2.747,2,-0.099,1.260,2.709,2,-0.102,1.392,2.707,2,-0.268,1.137,2.714,2,-0.378,0.867,2.722,2,-0.493,0.583,2.715,2,-0.511,0.517,2.730,2,0.086,1.136,2.713,2,0.199,0.842,2.731,2,0.292,0.562,2.736,2,0.296,0.508,2.749,2,-0.149,0.630,2.736,2,-0.183,0.284,2.822,2,-0.206,-0.223,2.892,2,-0.233,-0.239,2.785,2,0.011,0.636,2.740,2,0.073,0.244,2.821,2,0.110,-0.217,2.888,2,0.140,-0.229,2.800,2,-0.096,1.186,2.720,2,-0.518,0.443,2.753,2,-0.575,0.552,2.716,2,0.323,0.438,2.777,2,0.375,0.530,2.725,0,0,0,0,0
2.184|kb,10203868228300000,6,25,1,72057594037936163,2,-0.070,0.642,2.776,2,-0.085,0.957,2.747,2,-0.098,1.260,2.709,2,-0.102,1.391,2.707,2,-0.268,1.137,2.714,2,-0.373,0.864,2.724,2,-0.484,0.577,2.717,2,-0.498,0.516,2.733,2,0.086,1.136,2.713,2,0.193,0.840,2.733,2,0.281,0.563,2.739,2,0.289,0.507,2.753,2,-0.149,0.630,2.736,2,-0.183,0.283,2.823,2,-0.206,-0.224,2.893,2,-0.233,-0.239,2.785,2,0.011,0.636,2.741,2,0.072,0.251,2.820,2,0.110,-0.217,2.888,2,0.140,-0.230,2.801,2,-0.095,1.186,2.721,2,-0.501,0.438,2.750,2,-0.570,0.543,2.718,2,0.320,0.433,2.792,2,0.357,0.542,2.712,0,0,0,0,0
2.226|kb,10203874925340000,6,25,1,72057594037936163,2,-0.069,0.641,2.777,2,-0.085,0.957,2.747,2,-0.098,1.261,2.709,2,-0.101,1.392,2.706,2,-0.267,1.137,2.713,2,-0.366,0.859,2.724,2,-0.477,0.570,2.718,2,-0.492,0.512,2.731,2,0.086,1.135,2.713,2,0.186,0.839,2.733,2,0.274,0.562,2.740,2,0.281,0.507,2.752,2,-0.148,0.629,2.737,2,-0.184,0.281,2.824,2,-0.206,-0.224,2.893,2,-0.234,-0.239,2.785,2,0.011,0.635,2.742,2,0.072,0.254,2.819,2,0.111,-0.216,2.889,2,0.139,-0.229,2.802,2,-0.095,1.186,2.720,2,-0.501,0.439,2.750,2,-0.575,0.532,2.725,2,0.310,0.430,2.774,2,0.347,0.542,2.709,0,0,0,0,0
2.279|kb,10203878228310000,6,25,1,72057594037936163,2,-0.069,0.640,2.777,2,-0.085,0.957,2.748,2,-0.098,1.260,2.709,2,-0.101,1.391,2.706,2,-0.267,1.137,2.713,2,-0.365,0.858,2.724,2,-0.476,0.570,2.718,2,-0.497,0.513,2.726,2,0.087,1.135,2.713,2,0.185,0.838,2.733,2,0.273,0.561,2.740,2,0.283,0.507,2.752,2,-0.148,0.629,2.737,2,-0.184,0.280,2.824,2,-0.207,-0.224,2.893,2,-0.234,-0.239,2.785,2,0.011,0.635,2.743,2,0.073,0.238,2.824,2,0.111,-0.216,2.889,2,0.139,-0.229,2.803,2,-0.095,1.186,2.720,2,-0.498,0.438,2.743,2,-0.559,0.548,2.703,2,0.301,0.428,2.779,2,0.350,0.543,2.711,0,0,0,0,0
2.325|kb,10203881630200000,6,25,1,72057594037936163,2,-0.069,0.640,2.777,2,-0.085,0.957,2.748,2,-0.098,1.261,2.709,2,-0.101,1.391,2.705,2,-0.267,1.137,2.713,2,-0.365,0.858,2.724,2,-0.478,0.571,2.716,2,-0.508,0.514,2.723,2,0.087,1.135,2.713,2,0.185,0.837,2.733,2,0.273,0.561,2.740,2,0.287,0.507,2.753,2,-0.148,0.629,2.737,2,-0.184,0.280,2.824,2,-0.207,-0.225,2.893,2,-0.234,-0.238,2.785,2,0.011,0.635,2.743,2,0.073,0.237,2.824,2,0.111,-0.216,2.889,2,0.138,-0.229,2.803,2,-0.095,1.186,2.720,2,-0.515,0.436,2.738,2,-0.568,0.555,2.704,2,0.307,0.426,2.775,2,0.353,0.543,2.710,0,0,0,0,0
2.383|kb,10203888228280000,6,25,1,72057594037936163,2,-0.069,0.640,2.778,2,-0.084,0.956,2.748,2,-0.099,1.260,2.708,2,-0.101,1.390,2.704,2,-0.267,1.137,2.713,2,-0.364,0.859,2.724,2,-0.491,0.577,2.707,2,-0.527,0.528,2.710,2,0.087,1.135,2.714,2,0.185,0.837,2.734,2,0.273,0.561,2.740,2,0.292,0.508,2.755,2,-0.148,0.629,2.738,2,-0.184,0.280,2.824,2,-0.206,-0.225,2.893,2,-0.233,-0.238,2.787,2,0.012,0.635,2.744,2,0.075,0.250,2.820,2,0.111,-0.215,2.889,2,0.138,-0.227,2.803,2,-0.095,1.186,2.720,2,-0.530,0.447,2.726,2,-0.585,0.567,2.681,2,0.310,0.434,2.779,2,0.354,0.550,2.712,0,0,0,0,0
2.441|kb,10203894926160000,6,25,1,72057594037936163,2,-0.068,0.640,2.778,2,-0.084,0.957,2.749,2,-0.098,1.261,2.709,2,-0.101,1.390,2.703,2,-0.267,1.136,2.713,2,-0.365,0.861,2.723,2,-0.500,0.587,2.701,2,-0.537,0.542,2.703,2,0.087,1.135,2.714,2,0.184,0.838,2.734,2,0.274,0.562,2.740,2,0.294,0.508,2.751,2,-0.147,0.629,2.738,2,-0.184,0.280,2.824,2,-0.207,-0.225,2.892,2,-0.233,-0.237,2.787,2,0.012,0.635,2.744,2,0.074,0.252,2.819,2,0.111,-0.215,2.889,2,0.139,-0.226,2.801,2,-0.095,1.186,2.721,2,-0.554,0.468,2.734,2,-0.599,0.576,2.679,2,0.321,0.437,2.788,2,0.354,0.552,2.706,0,0,0,0,0
2.492|kb,10203898233080000,6,25,1,72057594037936163,2,-0.068,0.640,2.779,2,-0.084,0.957,2.749,2,-0.099,1.261,2.709,2,-0.102,1.390,2.704,2,-0.267,1.136,2.714,2,-0.367,0.862,2.722,2,-0.501,0.589,2.700,2,-0.536,0.541,2.704,2,0.087,1.135,2.714,2,0.184,0.839,2.734,2,0.275,0.562,2.739,2,0.296,0.508,2.750,2,-0.147,0.628,2.738,2,-0.184,0.280,2.824,2,-0.207,-0.224,2.892,2,-0.232,-0.236,2.787,2,0.012,0.635,2.744,2,0.074,0.246,2.823,2,0.111,-0.216,2.889,2,0.138,-0.227,2.801,2,-0.095,1.186,2.721,2,-0.554,0.468,2.736,2,-0.593,0.573,2.673,2,0.327,0.439,2.777,2,0.358,0.551,2.704,0,0,0,0,0
2.546|kb,10203904923800000,6,25,1,72057594037936163,2,-0.068,0.640,2.779,2,-0.084,0.957,2.749,2,-0.099,1.261,2.709,2,-0.102,1.390,2.704,2,-0.267,1.136,2.714,2,-0.368,0.862,2.722,2,-0.502,0.588,2.701,2,-0.534,0.540,2.709,2,0.086,1.135,2.714,2,0.184,0.839,2.735,2,0.276,0.563,2.739,2,0.294,0.508,2.750,2,-0.147,0.628,2.738,2,-0.184,0.280,2.824,2,-0.207,-0.224,2.893,2,-0.233,-0.236,2.787,2,0.012,0.634,2.745,2,0.073,0.249,2.822,2,0.111,-0.216,2.889,2,0.137,-0.227,2.801,2,-0.095,1.186,2.721,2,-0.549,0.466,2.735,2,-0.598,0.567,2.687,2,0.320,0.430,2.795,2,0.364,0.541,2.715,0,0,0,0,0
2.606|kb,10203911632840000,6,25,1,72057594037936163,2,-0.068,0.640,2.779,2,-0.084,0.956,2.749,2,-0.099,1.260,2.709,2,-0.102,1.390,2.703,2,-0.267,1.136,2.714,2,-0.368,0.862,2.721,2,-0.502,0.587,2.700,2,-0.527,0.539,2.708,2,0.086,1.134,2.714,2,0.184,0.840,2.735,2,0.276,0.561,2.737,2,0.294,0.508,2.745,2,-0.147,0.628,2.738,2,-0.184,0.280,2.824,2,-0.207,-0.224,2.892,2,-0.232,-0.235,2.786,2,0.012,0.634,2.744,2,0.073,0.245,2.822,2,0.112,-0.216,2.888,2,0.140,-0.225,2.799,2,-0.095,1.186,2.721,2,-0.558,0.464,2.739,2,-0.596,0.562,2.691,2,0.309,0.433,2.772,2,0.368,0.539,2.719,0,0,0,0,0
2.664|kb,10203918229290000,6,25,1,72057594037936163,2,-0.068,0.640,2.779,2,-0.084,0.956,2.749,2,-0.099,1.260,2.709,2,-0.102,1.390,2.703,2,-0.267,1.136,2.714,2,-0.368,0.862,2.721,2,-0.500,0.585,2.701,2,-0.522,0.537,2.707,2,0.086,1.134,2.714,2,0.183,0.839,2.734,2,0.276,0.562,2.737,2,0.294,0.509,2.746,2,-0.147,0.628,2.738,2,-0.184,0.280,2.824,2,-0.207,-0.224,2.892,2,-0.232,-0.236,2.786,2,0.012,0.634,2.744,2,0.071,0.250,2.820,2,0.112,-0.216,2.888,2,0.139,-0.226,2.800,2,-0.095,1.186,2.721,2,-0.551,0.464,2.741,2,-0.586,0.558,2.681,2,0.321,0.437,2.769,2,0.357,0.548,2.699,0,0,0,0,0
2.725|kb,10203921632740000,6,25,1,72057594037936163,2,-0.068,0.640,2.779,2,-0.084,0.956,2.749,2,-0.099,1.260,2.709,2,-0.102,1.390,2.703,2,-0.267,1.135,2.714,2,-0.368,0.862,2.721,2,-0.499,0.583,2.701,2,-0.522,0.535,2.709,2,0.086,1.134,2.714,2,0.183,0.839,2.734,2,0.276,0.561,2.738,2,0.293,0.509,2.750,2,-0.147,0.628,2.738,2,-0.184,0.279,2.824,2,-0.207,-0.224,2.892,2,-0.232,-0.236,2.785,2,0.012,0.634,2.745,2,0.071,0.248,2.821,2,0.112,-0.216,2.888,2,0.139,-0.226,2.800,2,-0.095,1.186,2.721,2,-0.540,0.459,2.742,2,-0.588,0.560,2.686,2,0.310,0.434,2.779,2,0.361,0.546,2.707,0,0,0,0,0
2.786|kb,10203928231090000,6,25,1,72057594037936163,2,-0.068,0.640,2.779,2,-0.084,0.956,2.749,2,-0.100,1.260,2.709,2,-0.103,1.389,2.703,2,-0.267,1.135,2.714,2,-0.368,0.862,2.721,2,-0.498,0.583,2.701,2,-0.521,0.533,2.708,2,0.086,1.134,2.715,2,0.183,0.840,2.735,2,0.277,0.562,2.738,2,0.296,0.509,2.753,2,-0.147,0.628,2.738,2,-0.184,0.280,2.824,2,-0.206,-0.223,2.892,2,-0.233,-0.237,2.785,2,0.012,0.634,2.745,2,0.072,0.245,2.822,2,0.112,-0.216,2.888,2,0.138,-0.226,2.799,2,-0.096,1.186,2.721,2,-0.537,0.458,2.736,2,-0.588,0.561,2.686,2,0.324,0.432,2.800,2,0.359,0.549,2.708,0,0,0,0,0
2.842|kb,10203934924300000,6,25,1,72057594037936163,2,-0.068,0.640,2.779,2,-0.084,0.956,2.749,2,-0.100,1.260,2.709,2,-0.103,1.389,2.703,2,-0.267,1.135,2.715,2,-0.368,0.862,2.721,2,-0.497,0.583,2.701,2,-0.524,0.533,2.707,2,0.085,1.134,2.715,2,0.183,0.840,2.736,2,0.277,0.563,2.739,2,0.298,0.508,2.755,2,-0.147,0.628,2.738,2,-0.184,0.280,2.824,2,-0.207,-0.223,2.892,2,-0.234,-0.238,2.784,2,0.012,0.634,2.745,2,0.072,0.249,2.820,2,0.112,-0.214,2.888,2,0.137,-0.225,2.800,2,-0.096,1.186,2.721,2,-0.543,0.458,2.741,2,-0.589,0.561,2.681,2,0.329,0.437,2.783,2,0.359,0.553,2.710,0,0,0,0,0
2.905|kb,10203941628980000,6,25,1,72057594037936163,2,-0.068,0.640,2.779,2,-0.084,0.956,2.749,2,-0.101,1.259,2.709,2,-0.103,1.389,2.704,2,-0.268,1.135,2.716,2,-0.368,0.861,2.720,2,-0.497,0.583,2.700,2,-0.525,0.531,2.706,2,0.085,1.136,2.718,2,0.183,0.842,2.736,2,0.278,0.564,2.739,2,0.299,0.510,2.753,2,-0.147,0.628,2.739,2,-0.184,0.280,2.824,2,-0.207,-0.224,2.892,2,-0.234,-0.238,2.785,2,0.012,0.634,2.745,2,0.072,0.253,2.819,2,0.112,-0.215,2.889,2,0.138,-0.226,2.801,2,-0.097,1.185,2.721,2,-0.542,0.457,2.734,2,-0.588,0.562,2.680,2,0.318,0.441,2.773,2,0.360,0.552,2.707,0,0,0,0,0
2.957|kb,10203944922800000,6,25,1,72057594037936163,2,-0.068,0.640,2.779,2,-0.084,0.956,2.749,2,-0.101,1.259,2.709,2,-0.103,1.389,2.704,2,-0.268,1.135,2.716,2,-0.368,0.861,2.720,2,-0.497,0.583,2.700,2,-0.523,0.531,2.703,2,0.085,1.136,2.718,2,0.183,0.842,2.736,2,0.279,0.564,2.739,2,0.300,0.510,2.751,2,-0.147,0.628,2.738,2,-0.184,0.280,2.824,2,-0.207,-0.224,2.892,2,-0.232,-0.236,2.787,2,0.012,0.635,2.745,2,0.073,0.250,2.820,2,0.112,-0.215,2.889,2,0.138,-0.226,2.801,2,-0.097,1.185,2.721,2,-0.542,0.457,2.734,2,-0.588,0.560,2.677,2,0.316,0.441,2.783,2,0.367,0.544,2.721,0,0,0,0,0
3.021|kb,10203951631190000,6,25,1,72057594037936163,2,-0.068,0.640,2.780,2,-0.085,0.956,2.750,2,-0.101,1.260,2.710,2,-0.104,1.391,2.706,2,-0.268,1.135,2.716,2,-0.368,0.861,2.720,2,-0.498,0.583,2.699,2,-0.524,0.531,2.702,2,0.084,1.136,2.719,2,0.183,0.843,2.737,2,0.281,0.564,2.739,2,0.303,0.510,2.747,2,-0.147,0.628,2.739,2,-0.184,0.279,2.825,2,-0.206,-0.224,2.892,2,-0.233,-0.238,2.787,2,0.013,0.635,2.746,2,0.072,0.254,2.820,2,0.112,-0.215,2.889,2,0.138,-0.225,2.801,2,-0.097,1.186,2.722,2,-0.542,0.457,2.727,2,-0.587,0.561,2.676,2,0.336,0.440,2.779,2,0.365,0.553,2.707,0,0,0,0,0
3.075|kb,10203958230060000,6,25,1,72057594037936163,2,-0.068,0.640,2.780,2,-0.085,0.956,2.750,2,-0.102,1.260,2.710,2,-0.104,1.391,2.707,2,-0.268,1.136,2.717,2,-0.369,0.861,2.720,2,-0.498,0.582,2.698,2,-0.527,0.532,2.704,2,0.084,1.137,2.721,2,0.184,0.843,2.737,2,0.282,0.564,2.739,2,0.303,0.511,2.747,2,-0.147,0.628,2.739,2,-0.184,0.278,2.825,2,-0.206,-0.226,2.891,2,-0.233,-0.240,2.784,2,0.012,0.635,2.746,2,0.073,0.254,2.820,2,0.112,-0.216,2.889,2,0.138,-0.226,2.801,2,-0.097,1.186,2.722,2,-0.545,0.458,2.734,2,-0.592,0.564,2.683,2,0.328,0.441,2.765,2,0.366,0.554,2.705,0,0,0,0,0
3.126|kb,10203961630990000,6,25,1,72057594037936163,2,-0.068,0.640,2.780,2,-0.085,0.956,2.750,2,-0.102,1.260,2.711,2,-0.104,1.391,2.708,2,-0.268,1.136,2.717,2,-0.369,0.861,2.720,2,-0.498,0.582,2.697,2,-0.526,0.531,2.701,2,0.084,1.137,2.721,2,0.185,0.843,2.737,2,0.283,0.564,2.738,2,0.304,0.511,2.748,2,-0.147,0.628,2.739,2,-0.184,0.278,2.825,2,-0.207,-0.226,2.891,2,-0.233,-0.241,2.784,2,0.012,0.635,2.746,2,0.073,0.244,2.823,2,0.113,-0.218,2.889,2,0.138,-0.229,2.802,2,-0.098,1.186,2.723,2,-0.545,0.457,2.727,2,-0.586,0.565,2.670,2,0.330,0.442,2.775,2,0.365,0.555,2.706,0,0,0,0,0
3.185|kb,10203968230140000,6,25,1,72057594037936163,2,-0.068,0.640,2.780,2,-0.085,0.956,2.751,2,-0.102,1.260,2.711,2,-0.104,1.391,2.708,2,-0.268,1.136,2.717,2,-0.369,0.861,2.720,2,-0.499,0.582,2.697,2,-0.528,0.532,2.701,2,0.084,1.137,2.722,2,0.186,0.843,2.738,2,0.285,0.564,2.738,2,0.308,0.511,2.750,2,-0.147,0.628,2.739,2,-0.184,0.278,2.825,2,-0.207,-0.227,2.892,2,-0.233,-0.241,2.784,2,0.012,0.635,2.747,2,0.072,0.245,2.823,2,0.113,-0.218,2.889,2,0.138,-0.228,2.801,2,-0.098,1.186,2.723,2,-0.541,0.458,2.723,2,-0.589,0.565,2.673,2,0.341,0.444,2.782,2,0.369,0.557,2.710,0,0,0,0,0
3.242|kb,10203974922740000,6,25,1,72057594037936163,2,-0.068,0.641,2.781,2,-0.085,0.956,2.751,2,-0.102,1.260,2.712,2,-0.104,1.391,2.708,2,-0.268,1.136,2.718,2,-0.369,0.861,2.720,2,-0.499,0.582,2.696,2,-0.527,0.532,2.700,2,0.084,1.137,2.722,2,0.186,0.843,2.738,2,0.287,0.565,2.737,2,0.310,0.515,2.747,2,-0.147,0.628,2.740,2,-0.184,0.278,2.825,2,-0.207,-0.227,2.892,2,-0.234,-0.241,2.785,2,0.012,0.635,2.747,2,0.071,0.251,2.822,2,0.114,-0.216,2.889,2,0.139,-0.226,2.802,2,-0.098,1.186,2.724,2,-0.538,0.457,2.720,2,-0.588,0.565,2.675,2,0.343,0.443,2.776,2,0.374,0.561,2.704,0,0,0,0,0
3.297|kb,10203981629310000,6,25,1,72057594037936163,2,-0.068,0.641,2.781,2,-0.085,0.956,2.751,2,-0.102,1.260,2.712,2,-0.105,1.391,2.709,2,-0.268,1.136,2.718,2,-0.369,0.861,2.720,2,-0.500,0.582,2.696,2,-0.528,0.533,2.701,2,0.084,1.138,2.722,2,0.187,0.843,2.738,2,0.288,0.565,2.738,2,0.310,0.515,2.746,2,-0.147,0.629,2.740,2,-0.184,0.280,2.825,2,-0.207,-0.226,2.892,2,-0.234,-0.241,2.785,2,0.012,0.636,2.747,2,0.071,0.244,2.823,2,0.114,-0.217,2.889,2,0.139,-0.227,2.801,2,-0.098,1.186,2.724,2,-0.539,0.457,2.724,2,-0.590,0.565,2.674,2,0.346,0.447,2.767,2,0.370,0.558,2.705,0,0,0,0,0
3.353|kb,10203984924560000,6,25,1,72057594037936163,2,-0.068,0.641,2.781,2,-0.085,0.957,2.751,2,-0.102,1.260,2.712,2,-0.105,1.391,2.709,2,-0.269,1.136,2.719,2,-0.369,0.861,2.720,2,-0.500,0.583,2.695,2,-0.527,0.532,2.701,2,0.084,1.137,2.722,2,0.187,0.843,2.738,2,0.289,0.565,2.737,2,0.311,0.514,2.745,2,-0.147,0.629,2.740,2,-0.184,0.280,2.825,2,-0.207,-0.227,2.892,2,-0.233,-0.238,2.787,2,0.012,0.636,2.747,2,0.071,0.247,2.822,2,0.114,-0.217,2.889,2,0.138,-0.227,2.802,2,-0.098,1.186,2.724,2,-0.541,0.458,2.725,2,-0.590,0.565,2.672,2,0.343,0.444,2.776,2,0.371,0.558,2.699,0,0,0,0,0
3.403|kb,10203991630330000,6,25,1,72057594037936163,2,-0.068,0.641,2.781,2,-0.085,0.957,2.752,2,-0.102,1.260,2.713,2,-0.105,1.391,2.710,2,-0.269,1.135,2.720,2,-0.370,0.861,2.720,2,-0.500,0.582,2.695,2,-0.528,0.532,2.703,2,0.084,1.138,2.723,2,0.188,0.843,2.738,2,0.289,0.566,2.736,2,0.311,0.515,2.745,2,-0.147,0.629,2.740,2,-0.184,0.280,2.825,2,-0.207,-0.226,2.892,2,-0.233,-0.238,2.787,2,0.012,0.636,2.747,2,0.072,0.239,2.824,2,0.113,-0.214,2.889,2,0.137,-0.226,2.803,2,-0.098,1.186,2.725,2,-0.541,0.458,2.724,2,-0.589,0.565,2.673,2,0.342,0.443,2.770,2,0.371,0.558,2.703,0,0,0,0,0
3.460|kb,10203998233940000,6,25,1,72057594037936163,2,-0.068,0.641,2.781,2,-0.085,0.957,2.752,2,-0.102,1.260,2.713,2,-0.105,1.391,2.710,2,-0.269,1.135,2.719,2,-0.370,0.861,2.720,2,-0.501,0.582,2.695,2,-0.528,0.532,2.701,2,0.084,1.138,2.723,2,0.188,0.843,2.738,2,0.290,0.565,2.736,2,0.311,0.515,2.741,2,-0.147,0.629,2.740,2,-0.184,0.279,2.825,2,-0.207,-0.227,2.892,2,-0.233,-0.241,2.784,2,0.012,0.636,2.747,2,0.071,0.251,2.821,2,0.114,-0.213,2.889,2,0.136,-0.224,2.803,2,-0.098,1.186,2.725,2,-0.544,0.459,2.728,2,-0.589,0.565,2.675,2,0.342,0.450,2.759,2,0.372,0.559,2.703,0,0,0,0,0
3.526|kb,10204001629450000,6,25,1,72057594037936163,2,-0.068,0.641,2.781,2,-0.085,0.957,2.752,2,-0.102,1.260,2.713,2,-0.105,1.391,2.710,2,-0.269,1.135,2.720,2,-0.370,0.861,2.720,2,-0.501,0.582,2.695,2,-0.528,0.533,2.703,2,0.083,1.138,2.723,2,0.188,0.844,2.737,2,0.290,0.565,2.735,2,0.311,0.514,2.741,2,-0.147,0.629,2.740,2,-0.184,0.280,2.825,2,-0.207,-0.227,2.892,2,-0.232,-0.240,2.787,2,0.012,0.636,2.747,2,0.071,0.251,2.821,2,0.114,-0.213,2.889,2,0.138,-0.224,2.803,2,-0.098,1.186,2.725,2,-0.542,0.458,2.728,2,-0.588,0.566,2.675,2,0.338,0.441,2.769,2,0.371,0.559,2.704,0,0,0,0,0
3.573|kb,10204008230540000,6,25,1,72057594037936163,2,-0.068,0.641,2.781,2,-0.086,0.957,2.752,2,-0.102,1.260,2.713,2,-0.105,1.391,2.709,2,-0.269,1.136,2.721,2,-0.370,0.861,2.720,2,-0.501,0.582,2.695,2,-0.529,0.533,2.703,2,0.083,1.138,2.723,2,0.188,0.844,2.737,2,0.290,0.565,2.735,2,0.312,0.514,2.741,2,-0.147,0.629,2.740,2,-0.184,0.280,2.825,2,-0.207,-0.226,2.892,2,-0.233,-0.240,2.786,2,0.012,0.636,2.747,2,0.072,0.243,2.824,2,0.113,-0.215,2.889,2,0.139,-0.224,2.803,2,-0.098,1.186,2.725,2,-0.538,0.457,2.721,2,-0.590,0.564,2.676,2,0.342,0.450,2.759,2,0.374,0.560,2.704,0,0,0,0,0
3.637|kb,10204014923620000,6,25,1,72057594037936163,2,-0.068,0.641,2.781,2,-0.086,0.957,2.752,2,-0.103,1.261,2.713,2,-0.106,1.391,2.710,2,-0.269,1.136,2.721,2,-0.370,0.861,2.720,2,-0.501,0.582,2.695,2,-0.529,0.532,2.703,2,0.083,1.138,2.723,2,0.189,0.844,2.737,2,0.291,0.565,2.734,2,0.314,0.513,2.741,2,-0.147,0.629,2.740,2,-0.184,0.280,2.825,2,-0.207,-0.226,2.892,2,-0.233,-0.240,2.786,2,0.012,0.636,2.747,2,0.071,0.252,2.821,2,0.113,-0.216,2.889,2,0.138,-0.227,2.804,2,-0.098,1.186,2.725,2,-0.540,0.457,2.720,2,-0.591,0.564,2.676,2,0.346,0.452,2.762,2,0.374,0.559,2.699,0,0,0,0,0
3.692|kb,10204018228810000,6,25,1,72057594037936163,2,-0.068,0.641,2.781,2,-0.086,0.957,2.752,2,-0.103,1.261,2.713,2,-0.106,1.391,2.710,2,-0.269,1.136,2.721,2,-0.370,0.861,2.721,2,-0.501,0.582,2.695,2,-0.529,0.532,2.704,2,0.083,1.138,2.723,2,0.189,0.845,2.736,2,0.292,0.565,2.734,2,0.312,0.515,2.742,2,-0.147,0.629,2.740,2,-0.184,0.280,2.825,2,-0.207,-0.225,2.892,2,-0.233,-0.238,2.787,2,0.012,0.636,2.747,2,0.071,0.256,2.820,2,0.113,-0.216,2.889,2,0.140,-0.226,2.803,2,-0.098,1.187,2.725,2,-0.545,0.460,2.730,2,-0.592,0.563,2.675,2,0.345,0.451,2.760,2,0.373,0.559,2.699,0,0,0,0,0
3.748|kb,10204024924000000,6,25,1,72057594037936163,2,-0.068,0.641,2.782,2,-0.086,0.957,2.753,2,-0.103,1.261,2.714,2,-0.106,1.391,2.710,2,-0.269,1.135,2.721,2,-0.370,0.861,2.721,2,-0.501,0.581,2.695,2,-0.528,0.531,2.705,2,0.083,1.138,2.723,2,0.189,0.844,2.736,2,0.292,0.564,2.733,2,0.312,0.514,2.742,2,-0.147,0.629,2.740,2,-0.184,0.280,2.825,2,-0.207,-0.225,2.892,2,-0.233,-0.239,2.786,2,0.012,0.636,2.748,2,0.071,0.256,2.820,2,0.113,-0.216,2.889,2,0.137,-0.226,2.801,2,-0.098,1.186,2.725,2,-0.545,0.460,2.730,2,-0.590,0.565,2.677,2,0.345,0.450,2.755,2,0.374,0.559,2.698,0,0,0,0,0
3.821|kb,10204031632490000,6,25,1,72057594037936163,2,-0.068,0.641,2.782,2,-0.086,0.957,2.753,2,-0.102,1.260,2.714,2,-0.106,1.391,2.709,2,-0.269,1.135,2.721,2,-0.370,0.860,2.721,2,-0.501,0.582,2.695,2,-0.527,0.532,2.704,2,0.083,1.138,2.723,2,0.189,0.844,2.736,2,0.292,0.564,2.733,2,0.311,0.514,2.743,2,-0.147,0.629,2.741,2,-0.184,0.280,2.826,2,-0.207,-0.225,2.892,2,-0.234,-0.240,2.785,2,0.012,0.636,2.748,2,0.072,0.242,2.824,2,0.113,-0.216,2.888,2,0.137,-0.226,2.802,2,-0.098,1.186,2.726,2,-0.546,0.461,2.735,2,-0.589,0.565,2.674,2,0.337,0.440,2.771,2,0.374,0.559,2.700,0,0,0,0,0
3.890|kb,10204038229840000,6,25,1,72057594037936163,2,-0.068,0.641,2.782,2,-0.086,0.957,2.753,2,-0.102,1.260,2.715,2,-0.106,1.391,2.710,2,-0.269,1.136,2.722,2,-0.370,0.861,2.722,2,-0.501,0.582,2.696,2,-0.527,0.532,2.704,2,0.084,1.138,2.724,2,0.189,0.845,2.737,2,0.292,0.565,2.734,2,0.312,0.515,2.743,2,-0.147,0.629,2.741,2,-0.184,0.280,2.826,2,-0.207,-0.225,2.892,2,-0.232,-0.234,2.788,2,0.012,0.636,2.748,2,0.071,0.248,2.823,2,0.113,-0.216,2.888,2,0.138,-0.226,2.801,2,-0.098,1.186,2.726,2,-0.539,0.457,2.724,2,-0.589,0.565,2.675,2,0.345,0.451,2.760,2,0.372,0.559,2.700,0,0,0,0,0
3.959|kb,10204044925900000,6,25,1,72057594037936163,2,-0.068,0.641,2.782,2,-0.086,0.957,2.753,2,-0.102,1.260,2.715,2,-0.106,1.390,2.710,2,-0.269,1.136,2.722,2,-0.370,0.861,2.721,2,-0.501,0.582,2.696,2,-0.528,0.533,2.703,2,0.084,1.138,2.723,2,0.190,0.844,2.736,2,0.292,0.565,2.733,2,0.311,0.514,2.744,2,-0.147,0.629,2.741,2,-0.184,0.280,2.826,2,-0.207,-0.226,2.891,2,-0.232,-0.235,2.787,2,0.012,0.636,2.748,2,0.070,0.255,2.820,2,0.113,-0.217,2.888,2,0.138,-0.226,2.801,2,-0.098,1.186,2.726,2,-0.540,0.458,2.730,2,-0.590,0.566,2.674,2,0.345,0.451,2.759,2,0.373,0.559,2.702,0,0,0,0,0
4.023|kb,10204051631980000,6,25,1,72057594037936163,2,-0.068,0.642,2.782,2,-0.086,0.957,2.754,2,-0.102,1.260,2.715,2,-0.106,1.390,2.711,2,-0.269,1.136,2.722,2,-0.370,0.860,2.721,2,-0.502,0.582,2.695,2,-0.528,0.531,2.702,2,0.084,1.139,2.724,2,0.190,0.844,2.736,2,0.292,0.565,2.734,2,0.314,0.513,2.743,2,-0.147,0.629,2.742,2,-0.184,0.281,2.825,2,-0.207,-0.226,2.892,2,-0.233,-0.236,2.786,2,0.012,0.636,2.748,2,0.072,0.246,2.822,2,0.114,-0.218,2.888,2,0.140,-0.227,2.800,2,-0.098,1.186,2.726,2,-0.547,0.460,2.732,2,-0.592,0.564,2.673,2,0.336,0.441,2.771,2,0.372,0.559,2.701,0,0,0,0,0
